# uGMRT Band 4: 550--850 MHz
# Reference: NCRA GMRT System Parameters, https://www.gmrt.ncra.tifr.res.in/doc/GMRT_specs.pdf
#            GTAC Cycle 50 Announcement, https://indrayani.ncra.tifr.res.in/~secr-ops/sch/c50webfiles/gtac_50_announcement.pdf
# Channel density: ~293 kHz/ch
550146484.375000
550439453.125000
550732421.875000
551025390.625000
551318359.375000
551611328.125000
551904296.875000
552197265.625000
552490234.375000
552783203.125000
553076171.875000
553369140.625000
553662109.375000
553955078.125000
554248046.875000
554541015.625000
554833984.375000
555126953.125000
555419921.875000
555712890.625000
556005859.375000
556298828.125000
556591796.875000
556884765.625000
557177734.375000
557470703.125000
557763671.875000
558056640.625000
558349609.375000
558642578.125000
558935546.875000
559228515.625000
559521484.375000
559814453.125000
560107421.875000
560400390.625000
560693359.375000
560986328.125000
561279296.875000
561572265.625000
561865234.375000
562158203.125000
562451171.875000
562744140.625000
563037109.375000
563330078.125000
563623046.875000
563916015.625000
564208984.375000
564501953.125000
564794921.875000
565087890.625000
565380859.375000
565673828.125000
565966796.875000
566259765.625000
566552734.375000
566845703.125000
567138671.875000
567431640.625000
567724609.375000
568017578.125000
568310546.875000
568603515.625000
568896484.375000
569189453.125000
569482421.875000
569775390.625000
570068359.375000
570361328.125000
570654296.875000
570947265.625000
571240234.375000
571533203.125000
571826171.875000
572119140.625000
572412109.375000
572705078.125000
572998046.875000
573291015.625000
573583984.375000
573876953.125000
574169921.875000
574462890.625000
574755859.375000
575048828.125000
575341796.875000
575634765.625000
575927734.375000
576220703.125000
576513671.875000
576806640.625000
577099609.375000
577392578.125000
577685546.875000
577978515.625000
578271484.375000
578564453.125000
578857421.875000
579150390.625000
579443359.375000
579736328.125000
580029296.875000
580322265.625000
580615234.375000
580908203.125000
581201171.875000
581494140.625000
581787109.375000
582080078.125000
582373046.875000
582666015.625000
582958984.375000
583251953.125000
583544921.875000
583837890.625000
584130859.375000
584423828.125000
584716796.875000
585009765.625000
585302734.375000
585595703.125000
585888671.875000
586181640.625000
586474609.375000
586767578.125000
587060546.875000
587353515.625000
587646484.375000
587939453.125000
588232421.875000
588525390.625000
588818359.375000
589111328.125000
589404296.875000
589697265.625000
589990234.375000
590283203.125000
590576171.875000
590869140.625000
591162109.375000
591455078.125000
591748046.875000
592041015.625000
592333984.375000
592626953.125000
592919921.875000
593212890.625000
593505859.375000
593798828.125000
594091796.875000
594384765.625000
594677734.375000
594970703.125000
595263671.875000
595556640.625000
595849609.375000
596142578.125000
596435546.875000
596728515.625000
597021484.375000
597314453.125000
597607421.875000
597900390.625000
598193359.375000
598486328.125000
598779296.875000
599072265.625000
599365234.375000
599658203.125000
599951171.875000
600244140.625000
600537109.375000
600830078.125000
601123046.875000
601416015.625000
601708984.375000
602001953.125000
602294921.875000
602587890.625000
602880859.375000
603173828.125000
603466796.875000
603759765.625000
604052734.375000
604345703.125000
604638671.875000
604931640.625000
605224609.375000
605517578.125000
605810546.875000
606103515.625000
606396484.375000
606689453.125000
606982421.875000
607275390.625000
607568359.375000
607861328.125000
608154296.875000
608447265.625000
608740234.375000
609033203.125000
609326171.875000
609619140.625000
609912109.375000
610205078.125000
610498046.875000
610791015.625000
611083984.375000
611376953.125000
611669921.875000
611962890.625000
612255859.375000
612548828.125000
612841796.875000
613134765.625000
613427734.375000
613720703.125000
614013671.875000
614306640.625000
614599609.375000
614892578.125000
615185546.875000
615478515.625000
615771484.375000
616064453.125000
616357421.875000
616650390.625000
616943359.375000
617236328.125000
617529296.875000
617822265.625000
618115234.375000
618408203.125000
618701171.875000
618994140.625000
619287109.375000
619580078.125000
619873046.875000
620166015.625000
620458984.375000
620751953.125000
621044921.875000
621337890.625000
621630859.375000
621923828.125000
622216796.875000
622509765.625000
622802734.375000
623095703.125000
623388671.875000
623681640.625000
623974609.375000
624267578.125000
624560546.875000
624853515.625000
625146484.375000
625439453.125000
625732421.875000
626025390.625000
626318359.375000
626611328.125000
626904296.875000
627197265.625000
627490234.375000
627783203.125000
628076171.875000
628369140.625000
628662109.375000
628955078.125000
629248046.875000
629541015.625000
629833984.375000
630126953.125000
630419921.875000
630712890.625000
631005859.375000
631298828.125000
631591796.875000
631884765.625000
632177734.375000
632470703.125000
632763671.875000
633056640.625000
633349609.375000
633642578.125000
633935546.875000
634228515.625000
634521484.375000
634814453.125000
635107421.875000
635400390.625000
635693359.375000
635986328.125000
636279296.875000
636572265.625000
636865234.375000
637158203.125000
637451171.875000
637744140.625000
638037109.375000
638330078.125000
638623046.875000
638916015.625000
639208984.375000
639501953.125000
639794921.875000
640087890.625000
640380859.375000
640673828.125000
640966796.875000
641259765.625000
641552734.375000
641845703.125000
642138671.875000
642431640.625000
642724609.375000
643017578.125000
643310546.875000
643603515.625000
643896484.375000
644189453.125000
644482421.875000
644775390.625000
645068359.375000
645361328.125000
645654296.875000
645947265.625000
646240234.375000
646533203.125000
646826171.875000
647119140.625000
647412109.375000
647705078.125000
647998046.875000
648291015.625000
648583984.375000
648876953.125000
649169921.875000
649462890.625000
649755859.375000
650048828.125000
650341796.875000
650634765.625000
650927734.375000
651220703.125000
651513671.875000
651806640.625000
652099609.375000
652392578.125000
652685546.875000
652978515.625000
653271484.375000
653564453.125000
653857421.875000
654150390.625000
654443359.375000
654736328.125000
655029296.875000
655322265.625000
655615234.375000
655908203.125000
656201171.875000
656494140.625000
656787109.375000
657080078.125000
657373046.875000
657666015.625000
657958984.375000
658251953.125000
658544921.875000
658837890.625000
659130859.375000
659423828.125000
659716796.875000
660009765.625000
660302734.375000
660595703.125000
660888671.875000
661181640.625000
661474609.375000
661767578.125000
662060546.875000
662353515.625000
662646484.375000
662939453.125000
663232421.875000
663525390.625000
663818359.375000
664111328.125000
664404296.875000
664697265.625000
664990234.375000
665283203.125000
665576171.875000
665869140.625000
666162109.375000
666455078.125000
666748046.875000
667041015.625000
667333984.375000
667626953.125000
667919921.875000
668212890.625000
668505859.375000
668798828.125000
669091796.875000
669384765.625000
669677734.375000
669970703.125000
670263671.875000
670556640.625000
670849609.375000
671142578.125000
671435546.875000
671728515.625000
672021484.375000
672314453.125000
672607421.875000
672900390.625000
673193359.375000
673486328.125000
673779296.875000
674072265.625000
674365234.375000
674658203.125000
674951171.875000
675244140.625000
675537109.375000
675830078.125000
676123046.875000
676416015.625000
676708984.375000
677001953.125000
677294921.875000
677587890.625000
677880859.375000
678173828.125000
678466796.875000
678759765.625000
679052734.375000
679345703.125000
679638671.875000
679931640.625000
680224609.375000
680517578.125000
680810546.875000
681103515.625000
681396484.375000
681689453.125000
681982421.875000
682275390.625000
682568359.375000
682861328.125000
683154296.875000
683447265.625000
683740234.375000
684033203.125000
684326171.875000
684619140.625000
684912109.375000
685205078.125000
685498046.875000
685791015.625000
686083984.375000
686376953.125000
686669921.875000
686962890.625000
687255859.375000
687548828.125000
687841796.875000
688134765.625000
688427734.375000
688720703.125000
689013671.875000
689306640.625000
689599609.375000
689892578.125000
690185546.875000
690478515.625000
690771484.375000
691064453.125000
691357421.875000
691650390.625000
691943359.375000
692236328.125000
692529296.875000
692822265.625000
693115234.375000
693408203.125000
693701171.875000
693994140.625000
694287109.375000
694580078.125000
694873046.875000
695166015.625000
695458984.375000
695751953.125000
696044921.875000
696337890.625000
696630859.375000
696923828.125000
697216796.875000
697509765.625000
697802734.375000
698095703.125000
698388671.875000
698681640.625000
698974609.375000
699267578.125000
699560546.875000
699853515.625000
700146484.375000
700439453.125000
700732421.875000
701025390.625000
701318359.375000
701611328.125000
701904296.875000
702197265.625000
702490234.375000
702783203.125000
703076171.875000
703369140.625000
703662109.375000
703955078.125000
704248046.875000
704541015.625000
704833984.375000
705126953.125000
705419921.875000
705712890.625000
706005859.375000
706298828.125000
706591796.875000
706884765.625000
707177734.375000
707470703.125000
707763671.875000
708056640.625000
708349609.375000
708642578.125000
708935546.875000
709228515.625000
709521484.375000
709814453.125000
710107421.875000
710400390.625000
710693359.375000
710986328.125000
711279296.875000
711572265.625000
711865234.375000
712158203.125000
712451171.875000
712744140.625000
713037109.375000
713330078.125000
713623046.875000
713916015.625000
714208984.375000
714501953.125000
714794921.875000
715087890.625000
715380859.375000
715673828.125000
715966796.875000
716259765.625000
716552734.375000
716845703.125000
717138671.875000
717431640.625000
717724609.375000
718017578.125000
718310546.875000
718603515.625000
718896484.375000
719189453.125000
719482421.875000
719775390.625000
720068359.375000
720361328.125000
720654296.875000
720947265.625000
721240234.375000
721533203.125000
721826171.875000
722119140.625000
722412109.375000
722705078.125000
722998046.875000
723291015.625000
723583984.375000
723876953.125000
724169921.875000
724462890.625000
724755859.375000
725048828.125000
725341796.875000
725634765.625000
725927734.375000
726220703.125000
726513671.875000
726806640.625000
727099609.375000
727392578.125000
727685546.875000
727978515.625000
728271484.375000
728564453.125000
728857421.875000
729150390.625000
729443359.375000
729736328.125000
730029296.875000
730322265.625000
730615234.375000
730908203.125000
731201171.875000
731494140.625000
731787109.375000
732080078.125000
732373046.875000
732666015.625000
732958984.375000
733251953.125000
733544921.875000
733837890.625000
734130859.375000
734423828.125000
734716796.875000
735009765.625000
735302734.375000
735595703.125000
735888671.875000
736181640.625000
736474609.375000
736767578.125000
737060546.875000
737353515.625000
737646484.375000
737939453.125000
738232421.875000
738525390.625000
738818359.375000
739111328.125000
739404296.875000
739697265.625000
739990234.375000
740283203.125000
740576171.875000
740869140.625000
741162109.375000
741455078.125000
741748046.875000
742041015.625000
742333984.375000
742626953.125000
742919921.875000
743212890.625000
743505859.375000
743798828.125000
744091796.875000
744384765.625000
744677734.375000
744970703.125000
745263671.875000
745556640.625000
745849609.375000
746142578.125000
746435546.875000
746728515.625000
747021484.375000
747314453.125000
747607421.875000
747900390.625000
748193359.375000
748486328.125000
748779296.875000
749072265.625000
749365234.375000
749658203.125000
749951171.875000
750244140.625000
750537109.375000
750830078.125000
751123046.875000
751416015.625000
751708984.375000
752001953.125000
752294921.875000
752587890.625000
752880859.375000
753173828.125000
753466796.875000
753759765.625000
754052734.375000
754345703.125000
754638671.875000
754931640.625000
755224609.375000
755517578.125000
755810546.875000
756103515.625000
756396484.375000
756689453.125000
756982421.875000
757275390.625000
757568359.375000
757861328.125000
758154296.875000
758447265.625000
758740234.375000
759033203.125000
759326171.875000
759619140.625000
759912109.375000
760205078.125000
760498046.875000
760791015.625000
761083984.375000
761376953.125000
761669921.875000
761962890.625000
762255859.375000
762548828.125000
762841796.875000
763134765.625000
763427734.375000
763720703.125000
764013671.875000
764306640.625000
764599609.375000
764892578.125000
765185546.875000
765478515.625000
765771484.375000
766064453.125000
766357421.875000
766650390.625000
766943359.375000
767236328.125000
767529296.875000
767822265.625000
768115234.375000
768408203.125000
768701171.875000
768994140.625000
769287109.375000
769580078.125000
769873046.875000
770166015.625000
770458984.375000
770751953.125000
771044921.875000
771337890.625000
771630859.375000
771923828.125000
772216796.875000
772509765.625000
772802734.375000
773095703.125000
773388671.875000
773681640.625000
773974609.375000
774267578.125000
774560546.875000
774853515.625000
775146484.375000
775439453.125000
775732421.875000
776025390.625000
776318359.375000
776611328.125000
776904296.875000
777197265.625000
777490234.375000
777783203.125000
778076171.875000
778369140.625000
778662109.375000
778955078.125000
779248046.875000
779541015.625000
779833984.375000
780126953.125000
780419921.875000
780712890.625000
781005859.375000
781298828.125000
781591796.875000
781884765.625000
782177734.375000
782470703.125000
782763671.875000
783056640.625000
783349609.375000
783642578.125000
783935546.875000
784228515.625000
784521484.375000
784814453.125000
785107421.875000
785400390.625000
785693359.375000
785986328.125000
786279296.875000
786572265.625000
786865234.375000
787158203.125000
787451171.875000
787744140.625000
788037109.375000
788330078.125000
788623046.875000
788916015.625000
789208984.375000
789501953.125000
789794921.875000
790087890.625000
790380859.375000
790673828.125000
790966796.875000
791259765.625000
791552734.375000
791845703.125000
792138671.875000
792431640.625000
792724609.375000
793017578.125000
793310546.875000
793603515.625000
793896484.375000
794189453.125000
794482421.875000
794775390.625000
795068359.375000
795361328.125000
795654296.875000
795947265.625000
796240234.375000
796533203.125000
796826171.875000
797119140.625000
797412109.375000
797705078.125000
797998046.875000
798291015.625000
798583984.375000
798876953.125000
799169921.875000
799462890.625000
799755859.375000
800048828.125000
800341796.875000
800634765.625000
800927734.375000
801220703.125000
801513671.875000
801806640.625000
802099609.375000
802392578.125000
802685546.875000
802978515.625000
803271484.375000
803564453.125000
803857421.875000
804150390.625000
804443359.375000
804736328.125000
805029296.875000
805322265.625000
805615234.375000
805908203.125000
806201171.875000
806494140.625000
806787109.375000
807080078.125000
807373046.875000
807666015.625000
807958984.375000
808251953.125000
808544921.875000
808837890.625000
809130859.375000
809423828.125000
809716796.875000
810009765.625000
810302734.375000
810595703.125000
810888671.875000
811181640.625000
811474609.375000
811767578.125000
812060546.875000
812353515.625000
812646484.375000
812939453.125000
813232421.875000
813525390.625000
813818359.375000
814111328.125000
814404296.875000
814697265.625000
814990234.375000
815283203.125000
815576171.875000
815869140.625000
816162109.375000
816455078.125000
816748046.875000
817041015.625000
817333984.375000
817626953.125000
817919921.875000
818212890.625000
818505859.375000
818798828.125000
819091796.875000
819384765.625000
819677734.375000
819970703.125000
820263671.875000
820556640.625000
820849609.375000
821142578.125000
821435546.875000
821728515.625000
822021484.375000
822314453.125000
822607421.875000
822900390.625000
823193359.375000
823486328.125000
823779296.875000
824072265.625000
824365234.375000
824658203.125000
824951171.875000
825244140.625000
825537109.375000
825830078.125000
826123046.875000
826416015.625000
826708984.375000
827001953.125000
827294921.875000
827587890.625000
827880859.375000
828173828.125000
828466796.875000
828759765.625000
829052734.375000
829345703.125000
829638671.875000
829931640.625000
830224609.375000
830517578.125000
830810546.875000
831103515.625000
831396484.375000
831689453.125000
831982421.875000
832275390.625000
832568359.375000
832861328.125000
833154296.875000
833447265.625000
833740234.375000
834033203.125000
834326171.875000
834619140.625000
834912109.375000
835205078.125000
835498046.875000
835791015.625000
836083984.375000
836376953.125000
836669921.875000
836962890.625000
837255859.375000
837548828.125000
837841796.875000
838134765.625000
838427734.375000
838720703.125000
839013671.875000
839306640.625000
839599609.375000
839892578.125000
840185546.875000
840478515.625000
840771484.375000
841064453.125000
841357421.875000
841650390.625000
841943359.375000
842236328.125000
842529296.875000
842822265.625000
843115234.375000
843408203.125000
843701171.875000
843994140.625000
844287109.375000
844580078.125000
844873046.875000
845166015.625000
845458984.375000
845751953.125000
846044921.875000
846337890.625000
846630859.375000
846923828.125000
847216796.875000
847509765.625000
847802734.375000
848095703.125000
848388671.875000
848681640.625000
848974609.375000
849267578.125000
849560546.875000
849853515.625000
