# MeerKAT S-band sub-band S1: 1968.75--2843.75 MHz (center 2406.25 MHz)
# Reference: Table 4, Hale et al. 2025, MNRAS 536, arXiv:2412.09314, https://arxiv.org/html/2412.09314v1
#            SKA Africa MeerKAT specs, https://skaafrica.atlassian.net/wiki/spaces/ESDKB/pages/277315585/MeerKAT+specifications
# Channel density: ~214 kHz/ch
1968856811.523438
1969070434.570312
1969284057.617188
1969497680.664062
1969711303.710938
1969924926.757812
1970138549.804688
1970352172.851562
1970565795.898438
1970779418.945312
1970993041.992188
1971206665.039062
1971420288.085938
1971633911.132812
1971847534.179688
1972061157.226562
1972274780.273438
1972488403.320312
1972702026.367188
1972915649.414062
1973129272.460938
1973342895.507812
1973556518.554688
1973770141.601562
1973983764.648438
1974197387.695312
1974411010.742188
1974624633.789062
1974838256.835938
1975051879.882812
1975265502.929688
1975479125.976562
1975692749.023438
1975906372.070312
1976119995.117188
1976333618.164062
1976547241.210938
1976760864.257812
1976974487.304688
1977188110.351562
1977401733.398438
1977615356.445312
1977828979.492188
1978042602.539062
1978256225.585938
1978469848.632812
1978683471.679688
1978897094.726562
1979110717.773438
1979324340.820312
1979537963.867188
1979751586.914062
1979965209.960938
1980178833.007812
1980392456.054688
1980606079.101562
1980819702.148438
1981033325.195312
1981246948.242188
1981460571.289062
1981674194.335938
1981887817.382812
1982101440.429688
1982315063.476562
1982528686.523438
1982742309.570312
1982955932.617188
1983169555.664062
1983383178.710938
1983596801.757812
1983810424.804688
1984024047.851562
1984237670.898438
1984451293.945312
1984664916.992188
1984878540.039062
1985092163.085938
1985305786.132812
1985519409.179688
1985733032.226562
1985946655.273438
1986160278.320312
1986373901.367188
1986587524.414062
1986801147.460938
1987014770.507812
1987228393.554688
1987442016.601562
1987655639.648438
1987869262.695312
1988082885.742188
1988296508.789062
1988510131.835938
1988723754.882812
1988937377.929688
1989151000.976562
1989364624.023438
1989578247.070312
1989791870.117188
1990005493.164062
1990219116.210938
1990432739.257812
1990646362.304688
1990859985.351562
1991073608.398438
1991287231.445312
1991500854.492188
1991714477.539062
1991928100.585938
1992141723.632812
1992355346.679688
1992568969.726562
1992782592.773438
1992996215.820312
1993209838.867188
1993423461.914062
1993637084.960938
1993850708.007812
1994064331.054688
1994277954.101562
1994491577.148438
1994705200.195312
1994918823.242188
1995132446.289062
1995346069.335938
1995559692.382812
1995773315.429688
1995986938.476562
1996200561.523438
1996414184.570312
1996627807.617188
1996841430.664062
1997055053.710938
1997268676.757812
1997482299.804688
1997695922.851562
1997909545.898438
1998123168.945312
1998336791.992188
1998550415.039062
1998764038.085938
1998977661.132812
1999191284.179688
1999404907.226562
1999618530.273438
1999832153.320312
2000045776.367188
2000259399.414062
2000473022.460938
2000686645.507812
2000900268.554688
2001113891.601562
2001327514.648438
2001541137.695312
2001754760.742188
2001968383.789062
2002182006.835938
2002395629.882812
2002609252.929688
2002822875.976562
2003036499.023438
2003250122.070312
2003463745.117188
2003677368.164062
2003890991.210938
2004104614.257812
2004318237.304688
2004531860.351562
2004745483.398438
2004959106.445312
2005172729.492188
2005386352.539062
2005599975.585938
2005813598.632812
2006027221.679688
2006240844.726562
2006454467.773438
2006668090.820312
2006881713.867188
2007095336.914062
2007308959.960938
2007522583.007812
2007736206.054688
2007949829.101562
2008163452.148438
2008377075.195312
2008590698.242188
2008804321.289062
2009017944.335938
2009231567.382812
2009445190.429688
2009658813.476562
2009872436.523438
2010086059.570312
2010299682.617188
2010513305.664062
2010726928.710938
2010940551.757812
2011154174.804688
2011367797.851562
2011581420.898438
2011795043.945312
2012008666.992188
2012222290.039062
2012435913.085938
2012649536.132812
2012863159.179688
2013076782.226562
2013290405.273438
2013504028.320312
2013717651.367188
2013931274.414062
2014144897.460938
2014358520.507812
2014572143.554688
2014785766.601562
2014999389.648438
2015213012.695312
2015426635.742188
2015640258.789062
2015853881.835938
2016067504.882812
2016281127.929688
2016494750.976562
2016708374.023438
2016921997.070312
2017135620.117188
2017349243.164062
2017562866.210938
2017776489.257812
2017990112.304688
2018203735.351562
2018417358.398438
2018630981.445312
2018844604.492188
2019058227.539062
2019271850.585938
2019485473.632812
2019699096.679688
2019912719.726562
2020126342.773438
2020339965.820312
2020553588.867188
2020767211.914062
2020980834.960938
2021194458.007812
2021408081.054688
2021621704.101562
2021835327.148438
2022048950.195312
2022262573.242188
2022476196.289062
2022689819.335938
2022903442.382812
2023117065.429688
2023330688.476562
2023544311.523438
2023757934.570312
2023971557.617188
2024185180.664062
2024398803.710938
2024612426.757812
2024826049.804688
2025039672.851562
2025253295.898438
2025466918.945312
2025680541.992188
2025894165.039062
2026107788.085938
2026321411.132812
2026535034.179688
2026748657.226562
2026962280.273438
2027175903.320312
2027389526.367188
2027603149.414062
2027816772.460938
2028030395.507812
2028244018.554688
2028457641.601562
2028671264.648438
2028884887.695312
2029098510.742188
2029312133.789062
2029525756.835938
2029739379.882812
2029953002.929688
2030166625.976562
2030380249.023438
2030593872.070312
2030807495.117188
2031021118.164062
2031234741.210938
2031448364.257812
2031661987.304688
2031875610.351562
2032089233.398438
2032302856.445312
2032516479.492188
2032730102.539062
2032943725.585938
2033157348.632812
2033370971.679688
2033584594.726562
2033798217.773438
2034011840.820312
2034225463.867188
2034439086.914062
2034652709.960938
2034866333.007812
2035079956.054688
2035293579.101562
2035507202.148438
2035720825.195312
2035934448.242188
2036148071.289062
2036361694.335938
2036575317.382812
2036788940.429688
2037002563.476562
2037216186.523438
2037429809.570312
2037643432.617188
2037857055.664062
2038070678.710938
2038284301.757812
2038497924.804688
2038711547.851562
2038925170.898438
2039138793.945312
2039352416.992188
2039566040.039062
2039779663.085938
2039993286.132812
2040206909.179688
2040420532.226562
2040634155.273438
2040847778.320312
2041061401.367188
2041275024.414062
2041488647.460938
2041702270.507812
2041915893.554688
2042129516.601562
2042343139.648438
2042556762.695312
2042770385.742188
2042984008.789062
2043197631.835938
2043411254.882812
2043624877.929688
2043838500.976562
2044052124.023438
2044265747.070312
2044479370.117188
2044692993.164062
2044906616.210938
2045120239.257812
2045333862.304688
2045547485.351562
2045761108.398438
2045974731.445312
2046188354.492188
2046401977.539062
2046615600.585938
2046829223.632812
2047042846.679688
2047256469.726562
2047470092.773438
2047683715.820312
2047897338.867188
2048110961.914062
2048324584.960938
2048538208.007812
2048751831.054688
2048965454.101562
2049179077.148438
2049392700.195312
2049606323.242188
2049819946.289062
2050033569.335938
2050247192.382812
2050460815.429688
2050674438.476562
2050888061.523438
2051101684.570312
2051315307.617188
2051528930.664062
2051742553.710938
2051956176.757812
2052169799.804688
2052383422.851562
2052597045.898438
2052810668.945312
2053024291.992188
2053237915.039062
2053451538.085938
2053665161.132812
2053878784.179688
2054092407.226562
2054306030.273438
2054519653.320312
2054733276.367188
2054946899.414062
2055160522.460938
2055374145.507812
2055587768.554688
2055801391.601562
2056015014.648438
2056228637.695312
2056442260.742188
2056655883.789062
2056869506.835938
2057083129.882812
2057296752.929688
2057510375.976562
2057723999.023438
2057937622.070312
2058151245.117188
2058364868.164062
2058578491.210938
2058792114.257812
2059005737.304688
2059219360.351562
2059432983.398438
2059646606.445312
2059860229.492188
2060073852.539062
2060287475.585938
2060501098.632812
2060714721.679688
2060928344.726562
2061141967.773438
2061355590.820312
2061569213.867188
2061782836.914062
2061996459.960938
2062210083.007812
2062423706.054688
2062637329.101562
2062850952.148438
2063064575.195312
2063278198.242188
2063491821.289062
2063705444.335938
2063919067.382812
2064132690.429688
2064346313.476562
2064559936.523438
2064773559.570312
2064987182.617188
2065200805.664062
2065414428.710938
2065628051.757812
2065841674.804688
2066055297.851562
2066268920.898438
2066482543.945312
2066696166.992188
2066909790.039062
2067123413.085938
2067337036.132812
2067550659.179688
2067764282.226562
2067977905.273438
2068191528.320312
2068405151.367188
2068618774.414062
2068832397.460938
2069046020.507812
2069259643.554688
2069473266.601562
2069686889.648438
2069900512.695312
2070114135.742188
2070327758.789062
2070541381.835938
2070755004.882812
2070968627.929688
2071182250.976562
2071395874.023438
2071609497.070312
2071823120.117188
2072036743.164062
2072250366.210938
2072463989.257812
2072677612.304688
2072891235.351562
2073104858.398438
2073318481.445312
2073532104.492188
2073745727.539062
2073959350.585938
2074172973.632812
2074386596.679688
2074600219.726562
2074813842.773438
2075027465.820312
2075241088.867188
2075454711.914062
2075668334.960938
2075881958.007812
2076095581.054688
2076309204.101562
2076522827.148438
2076736450.195312
2076950073.242188
2077163696.289062
2077377319.335938
2077590942.382812
2077804565.429688
2078018188.476562
2078231811.523438
2078445434.570312
2078659057.617188
2078872680.664062
2079086303.710938
2079299926.757812
2079513549.804688
2079727172.851562
2079940795.898438
2080154418.945312
2080368041.992188
2080581665.039062
2080795288.085938
2081008911.132812
2081222534.179688
2081436157.226562
2081649780.273438
2081863403.320312
2082077026.367188
2082290649.414062
2082504272.460938
2082717895.507812
2082931518.554688
2083145141.601562
2083358764.648438
2083572387.695312
2083786010.742188
2083999633.789062
2084213256.835938
2084426879.882812
2084640502.929688
2084854125.976562
2085067749.023438
2085281372.070312
2085494995.117188
2085708618.164062
2085922241.210938
2086135864.257812
2086349487.304688
2086563110.351562
2086776733.398438
2086990356.445312
2087203979.492188
2087417602.539062
2087631225.585938
2087844848.632812
2088058471.679688
2088272094.726562
2088485717.773438
2088699340.820312
2088912963.867188
2089126586.914062
2089340209.960938
2089553833.007812
2089767456.054688
2089981079.101562
2090194702.148438
2090408325.195312
2090621948.242188
2090835571.289062
2091049194.335938
2091262817.382812
2091476440.429688
2091690063.476562
2091903686.523438
2092117309.570312
2092330932.617188
2092544555.664062
2092758178.710938
2092971801.757812
2093185424.804688
2093399047.851562
2093612670.898438
2093826293.945312
2094039916.992188
2094253540.039062
2094467163.085938
2094680786.132812
2094894409.179688
2095108032.226562
2095321655.273438
2095535278.320312
2095748901.367188
2095962524.414062
2096176147.460938
2096389770.507812
2096603393.554688
2096817016.601562
2097030639.648438
2097244262.695312
2097457885.742188
2097671508.789062
2097885131.835938
2098098754.882812
2098312377.929688
2098526000.976562
2098739624.023438
2098953247.070312
2099166870.117188
2099380493.164062
2099594116.210938
2099807739.257812
2100021362.304688
2100234985.351562
2100448608.398438
2100662231.445312
2100875854.492188
2101089477.539062
2101303100.585938
2101516723.632812
2101730346.679688
2101943969.726562
2102157592.773438
2102371215.820312
2102584838.867188
2102798461.914062
2103012084.960938
2103225708.007812
2103439331.054688
2103652954.101562
2103866577.148438
2104080200.195312
2104293823.242188
2104507446.289062
2104721069.335938
2104934692.382812
2105148315.429688
2105361938.476562
2105575561.523438
2105789184.570312
2106002807.617188
2106216430.664062
2106430053.710938
2106643676.757812
2106857299.804688
2107070922.851562
2107284545.898438
2107498168.945312
2107711791.992188
2107925415.039062
2108139038.085938
2108352661.132812
2108566284.179688
2108779907.226562
2108993530.273438
2109207153.320312
2109420776.367188
2109634399.414062
2109848022.460938
2110061645.507812
2110275268.554688
2110488891.601562
2110702514.648438
2110916137.695312
2111129760.742188
2111343383.789062
2111557006.835938
2111770629.882812
2111984252.929688
2112197875.976562
2112411499.023438
2112625122.070312
2112838745.117188
2113052368.164062
2113265991.210938
2113479614.257812
2113693237.304688
2113906860.351562
2114120483.398438
2114334106.445312
2114547729.492188
2114761352.539062
2114974975.585938
2115188598.632812
2115402221.679688
2115615844.726562
2115829467.773438
2116043090.820312
2116256713.867188
2116470336.914062
2116683959.960938
2116897583.007812
2117111206.054688
2117324829.101562
2117538452.148438
2117752075.195312
2117965698.242188
2118179321.289062
2118392944.335938
2118606567.382812
2118820190.429688
2119033813.476562
2119247436.523438
2119461059.570312
2119674682.617188
2119888305.664062
2120101928.710938
2120315551.757812
2120529174.804688
2120742797.851562
2120956420.898438
2121170043.945312
2121383666.992188
2121597290.039062
2121810913.085938
2122024536.132812
2122238159.179688
2122451782.226562
2122665405.273438
2122879028.320312
2123092651.367188
2123306274.414062
2123519897.460938
2123733520.507812
2123947143.554688
2124160766.601562
2124374389.648438
2124588012.695312
2124801635.742188
2125015258.789062
2125228881.835938
2125442504.882812
2125656127.929688
2125869750.976562
2126083374.023438
2126296997.070312
2126510620.117188
2126724243.164062
2126937866.210938
2127151489.257812
2127365112.304688
2127578735.351562
2127792358.398438
2128005981.445312
2128219604.492188
2128433227.539062
2128646850.585938
2128860473.632812
2129074096.679688
2129287719.726562
2129501342.773438
2129714965.820312
2129928588.867188
2130142211.914062
2130355834.960938
2130569458.007812
2130783081.054688
2130996704.101562
2131210327.148438
2131423950.195312
2131637573.242188
2131851196.289062
2132064819.335938
2132278442.382812
2132492065.429688
2132705688.476562
2132919311.523438
2133132934.570312
2133346557.617188
2133560180.664062
2133773803.710938
2133987426.757812
2134201049.804688
2134414672.851562
2134628295.898438
2134841918.945312
2135055541.992188
2135269165.039062
2135482788.085938
2135696411.132812
2135910034.179688
2136123657.226562
2136337280.273438
2136550903.320312
2136764526.367188
2136978149.414062
2137191772.460938
2137405395.507812
2137619018.554688
2137832641.601562
2138046264.648438
2138259887.695312
2138473510.742188
2138687133.789062
2138900756.835938
2139114379.882812
2139328002.929688
2139541625.976562
2139755249.023438
2139968872.070312
2140182495.117188
2140396118.164062
2140609741.210938
2140823364.257812
2141036987.304688
2141250610.351562
2141464233.398438
2141677856.445312
2141891479.492188
2142105102.539062
2142318725.585938
2142532348.632812
2142745971.679688
2142959594.726562
2143173217.773438
2143386840.820312
2143600463.867188
2143814086.914062
2144027709.960938
2144241333.007812
2144454956.054688
2144668579.101562
2144882202.148438
2145095825.195312
2145309448.242188
2145523071.289062
2145736694.335938
2145950317.382812
2146163940.429688
2146377563.476562
2146591186.523438
2146804809.570312
2147018432.617188
2147232055.664062
2147445678.710938
2147659301.757812
2147872924.804688
2148086547.851562
2148300170.898438
2148513793.945312
2148727416.992188
2148941040.039062
2149154663.085938
2149368286.132812
2149581909.179688
2149795532.226562
2150009155.273438
2150222778.320312
2150436401.367188
2150650024.414062
2150863647.460938
2151077270.507812
2151290893.554688
2151504516.601562
2151718139.648438
2151931762.695312
2152145385.742188
2152359008.789062
2152572631.835938
2152786254.882812
2152999877.929688
2153213500.976562
2153427124.023438
2153640747.070312
2153854370.117188
2154067993.164062
2154281616.210938
2154495239.257812
2154708862.304688
2154922485.351562
2155136108.398438
2155349731.445312
2155563354.492188
2155776977.539062
2155990600.585938
2156204223.632812
2156417846.679688
2156631469.726562
2156845092.773438
2157058715.820312
2157272338.867188
2157485961.914062
2157699584.960938
2157913208.007812
2158126831.054688
2158340454.101562
2158554077.148438
2158767700.195312
2158981323.242188
2159194946.289062
2159408569.335938
2159622192.382812
2159835815.429688
2160049438.476562
2160263061.523438
2160476684.570312
2160690307.617188
2160903930.664062
2161117553.710938
2161331176.757812
2161544799.804688
2161758422.851562
2161972045.898438
2162185668.945312
2162399291.992188
2162612915.039062
2162826538.085938
2163040161.132812
2163253784.179688
2163467407.226562
2163681030.273438
2163894653.320312
2164108276.367188
2164321899.414062
2164535522.460938
2164749145.507812
2164962768.554688
2165176391.601562
2165390014.648438
2165603637.695312
2165817260.742188
2166030883.789062
2166244506.835938
2166458129.882812
2166671752.929688
2166885375.976562
2167098999.023438
2167312622.070312
2167526245.117188
2167739868.164062
2167953491.210938
2168167114.257812
2168380737.304688
2168594360.351562
2168807983.398438
2169021606.445312
2169235229.492188
2169448852.539062
2169662475.585938
2169876098.632812
2170089721.679688
2170303344.726562
2170516967.773438
2170730590.820312
2170944213.867188
2171157836.914062
2171371459.960938
2171585083.007812
2171798706.054688
2172012329.101562
2172225952.148438
2172439575.195312
2172653198.242188
2172866821.289062
2173080444.335938
2173294067.382812
2173507690.429688
2173721313.476562
2173934936.523438
2174148559.570312
2174362182.617188
2174575805.664062
2174789428.710938
2175003051.757812
2175216674.804688
2175430297.851562
2175643920.898438
2175857543.945312
2176071166.992188
2176284790.039062
2176498413.085938
2176712036.132812
2176925659.179688
2177139282.226562
2177352905.273438
2177566528.320312
2177780151.367188
2177993774.414062
2178207397.460938
2178421020.507812
2178634643.554688
2178848266.601562
2179061889.648438
2179275512.695312
2179489135.742188
2179702758.789062
2179916381.835938
2180130004.882812
2180343627.929688
2180557250.976562
2180770874.023438
2180984497.070312
2181198120.117188
2181411743.164062
2181625366.210938
2181838989.257812
2182052612.304688
2182266235.351562
2182479858.398438
2182693481.445312
2182907104.492188
2183120727.539062
2183334350.585938
2183547973.632812
2183761596.679688
2183975219.726562
2184188842.773438
2184402465.820312
2184616088.867188
2184829711.914062
2185043334.960938
2185256958.007812
2185470581.054688
2185684204.101562
2185897827.148438
2186111450.195312
2186325073.242188
2186538696.289062
2186752319.335938
2186965942.382812
2187179565.429688
2187393188.476562
2187606811.523438
2187820434.570312
2188034057.617188
2188247680.664062
2188461303.710938
2188674926.757812
2188888549.804688
2189102172.851562
2189315795.898438
2189529418.945312
2189743041.992188
2189956665.039062
2190170288.085938
2190383911.132812
2190597534.179688
2190811157.226562
2191024780.273438
2191238403.320312
2191452026.367188
2191665649.414062
2191879272.460938
2192092895.507812
2192306518.554688
2192520141.601562
2192733764.648438
2192947387.695312
2193161010.742188
2193374633.789062
2193588256.835938
2193801879.882812
2194015502.929688
2194229125.976562
2194442749.023438
2194656372.070312
2194869995.117188
2195083618.164062
2195297241.210938
2195510864.257812
2195724487.304688
2195938110.351562
2196151733.398438
2196365356.445312
2196578979.492188
2196792602.539062
2197006225.585938
2197219848.632812
2197433471.679688
2197647094.726562
2197860717.773438
2198074340.820312
2198287963.867188
2198501586.914062
2198715209.960938
2198928833.007812
2199142456.054688
2199356079.101562
2199569702.148438
2199783325.195312
2199996948.242188
2200210571.289062
2200424194.335938
2200637817.382812
2200851440.429688
2201065063.476562
2201278686.523438
2201492309.570312
2201705932.617188
2201919555.664062
2202133178.710938
2202346801.757812
2202560424.804688
2202774047.851562
2202987670.898438
2203201293.945312
2203414916.992188
2203628540.039062
2203842163.085938
2204055786.132812
2204269409.179688
2204483032.226562
2204696655.273438
2204910278.320312
2205123901.367188
2205337524.414062
2205551147.460938
2205764770.507812
2205978393.554688
2206192016.601562
2206405639.648438
2206619262.695312
2206832885.742188
2207046508.789062
2207260131.835938
2207473754.882812
2207687377.929688
2207901000.976562
2208114624.023438
2208328247.070312
2208541870.117188
2208755493.164062
2208969116.210938
2209182739.257812
2209396362.304688
2209609985.351562
2209823608.398438
2210037231.445312
2210250854.492188
2210464477.539062
2210678100.585938
2210891723.632812
2211105346.679688
2211318969.726562
2211532592.773438
2211746215.820312
2211959838.867188
2212173461.914062
2212387084.960938
2212600708.007812
2212814331.054688
2213027954.101562
2213241577.148438
2213455200.195312
2213668823.242188
2213882446.289062
2214096069.335938
2214309692.382812
2214523315.429688
2214736938.476562
2214950561.523438
2215164184.570312
2215377807.617188
2215591430.664062
2215805053.710938
2216018676.757812
2216232299.804688
2216445922.851562
2216659545.898438
2216873168.945312
2217086791.992188
2217300415.039062
2217514038.085938
2217727661.132812
2217941284.179688
2218154907.226562
2218368530.273438
2218582153.320312
2218795776.367188
2219009399.414062
2219223022.460938
2219436645.507812
2219650268.554688
2219863891.601562
2220077514.648438
2220291137.695312
2220504760.742188
2220718383.789062
2220932006.835938
2221145629.882812
2221359252.929688
2221572875.976562
2221786499.023438
2222000122.070312
2222213745.117188
2222427368.164062
2222640991.210938
2222854614.257812
2223068237.304688
2223281860.351562
2223495483.398438
2223709106.445312
2223922729.492188
2224136352.539062
2224349975.585938
2224563598.632812
2224777221.679688
2224990844.726562
2225204467.773438
2225418090.820312
2225631713.867188
2225845336.914062
2226058959.960938
2226272583.007812
2226486206.054688
2226699829.101562
2226913452.148438
2227127075.195312
2227340698.242188
2227554321.289062
2227767944.335938
2227981567.382812
2228195190.429688
2228408813.476562
2228622436.523438
2228836059.570312
2229049682.617188
2229263305.664062
2229476928.710938
2229690551.757812
2229904174.804688
2230117797.851562
2230331420.898438
2230545043.945312
2230758666.992188
2230972290.039062
2231185913.085938
2231399536.132812
2231613159.179688
2231826782.226562
2232040405.273438
2232254028.320312
2232467651.367188
2232681274.414062
2232894897.460938
2233108520.507812
2233322143.554688
2233535766.601562
2233749389.648438
2233963012.695312
2234176635.742188
2234390258.789062
2234603881.835938
2234817504.882812
2235031127.929688
2235244750.976562
2235458374.023438
2235671997.070312
2235885620.117188
2236099243.164062
2236312866.210938
2236526489.257812
2236740112.304688
2236953735.351562
2237167358.398438
2237380981.445312
2237594604.492188
2237808227.539062
2238021850.585938
2238235473.632812
2238449096.679688
2238662719.726562
2238876342.773438
2239089965.820312
2239303588.867188
2239517211.914062
2239730834.960938
2239944458.007812
2240158081.054688
2240371704.101562
2240585327.148438
2240798950.195312
2241012573.242188
2241226196.289062
2241439819.335938
2241653442.382812
2241867065.429688
2242080688.476562
2242294311.523438
2242507934.570312
2242721557.617188
2242935180.664062
2243148803.710938
2243362426.757812
2243576049.804688
2243789672.851562
2244003295.898438
2244216918.945312
2244430541.992188
2244644165.039062
2244857788.085938
2245071411.132812
2245285034.179688
2245498657.226562
2245712280.273438
2245925903.320312
2246139526.367188
2246353149.414062
2246566772.460938
2246780395.507812
2246994018.554688
2247207641.601562
2247421264.648438
2247634887.695312
2247848510.742188
2248062133.789062
2248275756.835938
2248489379.882812
2248703002.929688
2248916625.976562
2249130249.023438
2249343872.070312
2249557495.117188
2249771118.164062
2249984741.210938
2250198364.257812
2250411987.304688
2250625610.351562
2250839233.398438
2251052856.445312
2251266479.492188
2251480102.539062
2251693725.585938
2251907348.632812
2252120971.679688
2252334594.726562
2252548217.773438
2252761840.820312
2252975463.867188
2253189086.914062
2253402709.960938
2253616333.007812
2253829956.054688
2254043579.101562
2254257202.148438
2254470825.195312
2254684448.242188
2254898071.289062
2255111694.335938
2255325317.382812
2255538940.429688
2255752563.476562
2255966186.523438
2256179809.570312
2256393432.617188
2256607055.664062
2256820678.710938
2257034301.757812
2257247924.804688
2257461547.851562
2257675170.898438
2257888793.945312
2258102416.992188
2258316040.039062
2258529663.085938
2258743286.132812
2258956909.179688
2259170532.226562
2259384155.273438
2259597778.320312
2259811401.367188
2260025024.414062
2260238647.460938
2260452270.507812
2260665893.554688
2260879516.601562
2261093139.648438
2261306762.695312
2261520385.742188
2261734008.789062
2261947631.835938
2262161254.882812
2262374877.929688
2262588500.976562
2262802124.023438
2263015747.070312
2263229370.117188
2263442993.164062
2263656616.210938
2263870239.257812
2264083862.304688
2264297485.351562
2264511108.398438
2264724731.445312
2264938354.492188
2265151977.539062
2265365600.585938
2265579223.632812
2265792846.679688
2266006469.726562
2266220092.773438
2266433715.820312
2266647338.867188
2266860961.914062
2267074584.960938
2267288208.007812
2267501831.054688
2267715454.101562
2267929077.148438
2268142700.195312
2268356323.242188
2268569946.289062
2268783569.335938
2268997192.382812
2269210815.429688
2269424438.476562
2269638061.523438
2269851684.570312
2270065307.617188
2270278930.664062
2270492553.710938
2270706176.757812
2270919799.804688
2271133422.851562
2271347045.898438
2271560668.945312
2271774291.992188
2271987915.039062
2272201538.085938
2272415161.132812
2272628784.179688
2272842407.226562
2273056030.273438
2273269653.320312
2273483276.367188
2273696899.414062
2273910522.460938
2274124145.507812
2274337768.554688
2274551391.601562
2274765014.648438
2274978637.695312
2275192260.742188
2275405883.789062
2275619506.835938
2275833129.882812
2276046752.929688
2276260375.976562
2276473999.023438
2276687622.070312
2276901245.117188
2277114868.164062
2277328491.210938
2277542114.257812
2277755737.304688
2277969360.351562
2278182983.398438
2278396606.445312
2278610229.492188
2278823852.539062
2279037475.585938
2279251098.632812
2279464721.679688
2279678344.726562
2279891967.773438
2280105590.820312
2280319213.867188
2280532836.914062
2280746459.960938
2280960083.007812
2281173706.054688
2281387329.101562
2281600952.148438
2281814575.195312
2282028198.242188
2282241821.289062
2282455444.335938
2282669067.382812
2282882690.429688
2283096313.476562
2283309936.523438
2283523559.570312
2283737182.617188
2283950805.664062
2284164428.710938
2284378051.757812
2284591674.804688
2284805297.851562
2285018920.898438
2285232543.945312
2285446166.992188
2285659790.039062
2285873413.085938
2286087036.132812
2286300659.179688
2286514282.226562
2286727905.273438
2286941528.320312
2287155151.367188
2287368774.414062
2287582397.460938
2287796020.507812
2288009643.554688
2288223266.601562
2288436889.648438
2288650512.695312
2288864135.742188
2289077758.789062
2289291381.835938
2289505004.882812
2289718627.929688
2289932250.976562
2290145874.023438
2290359497.070312
2290573120.117188
2290786743.164062
2291000366.210938
2291213989.257812
2291427612.304688
2291641235.351562
2291854858.398438
2292068481.445312
2292282104.492188
2292495727.539062
2292709350.585938
2292922973.632812
2293136596.679688
2293350219.726562
2293563842.773438
2293777465.820312
2293991088.867188
2294204711.914062
2294418334.960938
2294631958.007812
2294845581.054688
2295059204.101562
2295272827.148438
2295486450.195312
2295700073.242188
2295913696.289062
2296127319.335938
2296340942.382812
2296554565.429688
2296768188.476562
2296981811.523438
2297195434.570312
2297409057.617188
2297622680.664062
2297836303.710938
2298049926.757812
2298263549.804688
2298477172.851562
2298690795.898438
2298904418.945312
2299118041.992188
2299331665.039062
2299545288.085938
2299758911.132812
2299972534.179688
2300186157.226562
2300399780.273438
2300613403.320312
2300827026.367188
2301040649.414062
2301254272.460938
2301467895.507812
2301681518.554688
2301895141.601562
2302108764.648438
2302322387.695312
2302536010.742188
2302749633.789062
2302963256.835938
2303176879.882812
2303390502.929688
2303604125.976562
2303817749.023438
2304031372.070312
2304244995.117188
2304458618.164062
2304672241.210938
2304885864.257812
2305099487.304688
2305313110.351562
2305526733.398438
2305740356.445312
2305953979.492188
2306167602.539062
2306381225.585938
2306594848.632812
2306808471.679688
2307022094.726562
2307235717.773438
2307449340.820312
2307662963.867188
2307876586.914062
2308090209.960938
2308303833.007812
2308517456.054688
2308731079.101562
2308944702.148438
2309158325.195312
2309371948.242188
2309585571.289062
2309799194.335938
2310012817.382812
2310226440.429688
2310440063.476562
2310653686.523438
2310867309.570312
2311080932.617188
2311294555.664062
2311508178.710938
2311721801.757812
2311935424.804688
2312149047.851562
2312362670.898438
2312576293.945312
2312789916.992188
2313003540.039062
2313217163.085938
2313430786.132812
2313644409.179688
2313858032.226562
2314071655.273438
2314285278.320312
2314498901.367188
2314712524.414062
2314926147.460938
2315139770.507812
2315353393.554688
2315567016.601562
2315780639.648438
2315994262.695312
2316207885.742188
2316421508.789062
2316635131.835938
2316848754.882812
2317062377.929688
2317276000.976562
2317489624.023438
2317703247.070312
2317916870.117188
2318130493.164062
2318344116.210938
2318557739.257812
2318771362.304688
2318984985.351562
2319198608.398438
2319412231.445312
2319625854.492188
2319839477.539062
2320053100.585938
2320266723.632812
2320480346.679688
2320693969.726562
2320907592.773438
2321121215.820312
2321334838.867188
2321548461.914062
2321762084.960938
2321975708.007812
2322189331.054688
2322402954.101562
2322616577.148438
2322830200.195312
2323043823.242188
2323257446.289062
2323471069.335938
2323684692.382812
2323898315.429688
2324111938.476562
2324325561.523438
2324539184.570312
2324752807.617188
2324966430.664062
2325180053.710938
2325393676.757812
2325607299.804688
2325820922.851562
2326034545.898438
2326248168.945312
2326461791.992188
2326675415.039062
2326889038.085938
2327102661.132812
2327316284.179688
2327529907.226562
2327743530.273438
2327957153.320312
2328170776.367188
2328384399.414062
2328598022.460938
2328811645.507812
2329025268.554688
2329238891.601562
2329452514.648438
2329666137.695312
2329879760.742188
2330093383.789062
2330307006.835938
2330520629.882812
2330734252.929688
2330947875.976562
2331161499.023438
2331375122.070312
2331588745.117188
2331802368.164062
2332015991.210938
2332229614.257812
2332443237.304688
2332656860.351562
2332870483.398438
2333084106.445312
2333297729.492188
2333511352.539062
2333724975.585938
2333938598.632812
2334152221.679688
2334365844.726562
2334579467.773438
2334793090.820312
2335006713.867188
2335220336.914062
2335433959.960938
2335647583.007812
2335861206.054688
2336074829.101562
2336288452.148438
2336502075.195312
2336715698.242188
2336929321.289062
2337142944.335938
2337356567.382812
2337570190.429688
2337783813.476562
2337997436.523438
2338211059.570312
2338424682.617188
2338638305.664062
2338851928.710938
2339065551.757812
2339279174.804688
2339492797.851562
2339706420.898438
2339920043.945312
2340133666.992188
2340347290.039062
2340560913.085938
2340774536.132812
2340988159.179688
2341201782.226562
2341415405.273438
2341629028.320312
2341842651.367188
2342056274.414062
2342269897.460938
2342483520.507812
2342697143.554688
2342910766.601562
2343124389.648438
2343338012.695312
2343551635.742188
2343765258.789062
2343978881.835938
2344192504.882812
2344406127.929688
2344619750.976562
2344833374.023438
2345046997.070312
2345260620.117188
2345474243.164062
2345687866.210938
2345901489.257812
2346115112.304688
2346328735.351562
2346542358.398438
2346755981.445312
2346969604.492188
2347183227.539062
2347396850.585938
2347610473.632812
2347824096.679688
2348037719.726562
2348251342.773438
2348464965.820312
2348678588.867188
2348892211.914062
2349105834.960938
2349319458.007812
2349533081.054688
2349746704.101562
2349960327.148438
2350173950.195312
2350387573.242188
2350601196.289062
2350814819.335938
2351028442.382812
2351242065.429688
2351455688.476562
2351669311.523438
2351882934.570312
2352096557.617188
2352310180.664062
2352523803.710938
2352737426.757812
2352951049.804688
2353164672.851562
2353378295.898438
2353591918.945312
2353805541.992188
2354019165.039062
2354232788.085938
2354446411.132812
2354660034.179688
2354873657.226562
2355087280.273438
2355300903.320312
2355514526.367188
2355728149.414062
2355941772.460938
2356155395.507812
2356369018.554688
2356582641.601562
2356796264.648438
2357009887.695312
2357223510.742188
2357437133.789062
2357650756.835938
2357864379.882812
2358078002.929688
2358291625.976562
2358505249.023438
2358718872.070312
2358932495.117188
2359146118.164062
2359359741.210938
2359573364.257812
2359786987.304688
2360000610.351562
2360214233.398438
2360427856.445312
2360641479.492188
2360855102.539062
2361068725.585938
2361282348.632812
2361495971.679688
2361709594.726562
2361923217.773438
2362136840.820312
2362350463.867188
2362564086.914062
2362777709.960938
2362991333.007812
2363204956.054688
2363418579.101562
2363632202.148438
2363845825.195312
2364059448.242188
2364273071.289062
2364486694.335938
2364700317.382812
2364913940.429688
2365127563.476562
2365341186.523438
2365554809.570312
2365768432.617188
2365982055.664062
2366195678.710938
2366409301.757812
2366622924.804688
2366836547.851562
2367050170.898438
2367263793.945312
2367477416.992188
2367691040.039062
2367904663.085938
2368118286.132812
2368331909.179688
2368545532.226562
2368759155.273438
2368972778.320312
2369186401.367188
2369400024.414062
2369613647.460938
2369827270.507812
2370040893.554688
2370254516.601562
2370468139.648438
2370681762.695312
2370895385.742188
2371109008.789062
2371322631.835938
2371536254.882812
2371749877.929688
2371963500.976562
2372177124.023438
2372390747.070312
2372604370.117188
2372817993.164062
2373031616.210938
2373245239.257812
2373458862.304688
2373672485.351562
2373886108.398438
2374099731.445312
2374313354.492188
2374526977.539062
2374740600.585938
2374954223.632812
2375167846.679688
2375381469.726562
2375595092.773438
2375808715.820312
2376022338.867188
2376235961.914062
2376449584.960938
2376663208.007812
2376876831.054688
2377090454.101562
2377304077.148438
2377517700.195312
2377731323.242188
2377944946.289062
2378158569.335938
2378372192.382812
2378585815.429688
2378799438.476562
2379013061.523438
2379226684.570312
2379440307.617188
2379653930.664062
2379867553.710938
2380081176.757812
2380294799.804688
2380508422.851562
2380722045.898438
2380935668.945312
2381149291.992188
2381362915.039062
2381576538.085938
2381790161.132812
2382003784.179688
2382217407.226562
2382431030.273438
2382644653.320312
2382858276.367188
2383071899.414062
2383285522.460938
2383499145.507812
2383712768.554688
2383926391.601562
2384140014.648438
2384353637.695312
2384567260.742188
2384780883.789062
2384994506.835938
2385208129.882812
2385421752.929688
2385635375.976562
2385848999.023438
2386062622.070312
2386276245.117188
2386489868.164062
2386703491.210938
2386917114.257812
2387130737.304688
2387344360.351562
2387557983.398438
2387771606.445312
2387985229.492188
2388198852.539062
2388412475.585938
2388626098.632812
2388839721.679688
2389053344.726562
2389266967.773438
2389480590.820312
2389694213.867188
2389907836.914062
2390121459.960938
2390335083.007812
2390548706.054688
2390762329.101562
2390975952.148438
2391189575.195312
2391403198.242188
2391616821.289062
2391830444.335938
2392044067.382812
2392257690.429688
2392471313.476562
2392684936.523438
2392898559.570312
2393112182.617188
2393325805.664062
2393539428.710938
2393753051.757812
2393966674.804688
2394180297.851562
2394393920.898438
2394607543.945312
2394821166.992188
2395034790.039062
2395248413.085938
2395462036.132812
2395675659.179688
2395889282.226562
2396102905.273438
2396316528.320312
2396530151.367188
2396743774.414062
2396957397.460938
2397171020.507812
2397384643.554688
2397598266.601562
2397811889.648438
2398025512.695312
2398239135.742188
2398452758.789062
2398666381.835938
2398880004.882812
2399093627.929688
2399307250.976562
2399520874.023438
2399734497.070312
2399948120.117188
2400161743.164062
2400375366.210938
2400588989.257812
2400802612.304688
2401016235.351562
2401229858.398438
2401443481.445312
2401657104.492188
2401870727.539062
2402084350.585938
2402297973.632812
2402511596.679688
2402725219.726562
2402938842.773438
2403152465.820312
2403366088.867188
2403579711.914062
2403793334.960938
2404006958.007812
2404220581.054688
2404434204.101562
2404647827.148438
2404861450.195312
2405075073.242188
2405288696.289062
2405502319.335938
2405715942.382812
2405929565.429688
2406143188.476562
2406356811.523438
2406570434.570312
2406784057.617188
2406997680.664062
2407211303.710938
2407424926.757812
2407638549.804688
2407852172.851562
2408065795.898438
2408279418.945312
2408493041.992188
2408706665.039062
2408920288.085938
2409133911.132812
2409347534.179688
2409561157.226562
2409774780.273438
2409988403.320312
2410202026.367188
2410415649.414062
2410629272.460938
2410842895.507812
2411056518.554688
2411270141.601562
2411483764.648438
2411697387.695312
2411911010.742188
2412124633.789062
2412338256.835938
2412551879.882812
2412765502.929688
2412979125.976562
2413192749.023438
2413406372.070312
2413619995.117188
2413833618.164062
2414047241.210938
2414260864.257812
2414474487.304688
2414688110.351562
2414901733.398438
2415115356.445312
2415328979.492188
2415542602.539062
2415756225.585938
2415969848.632812
2416183471.679688
2416397094.726562
2416610717.773438
2416824340.820312
2417037963.867188
2417251586.914062
2417465209.960938
2417678833.007812
2417892456.054688
2418106079.101562
2418319702.148438
2418533325.195312
2418746948.242188
2418960571.289062
2419174194.335938
2419387817.382812
2419601440.429688
2419815063.476562
2420028686.523438
2420242309.570312
2420455932.617188
2420669555.664062
2420883178.710938
2421096801.757812
2421310424.804688
2421524047.851562
2421737670.898438
2421951293.945312
2422164916.992188
2422378540.039062
2422592163.085938
2422805786.132812
2423019409.179688
2423233032.226562
2423446655.273438
2423660278.320312
2423873901.367188
2424087524.414062
2424301147.460938
2424514770.507812
2424728393.554688
2424942016.601562
2425155639.648438
2425369262.695312
2425582885.742188
2425796508.789062
2426010131.835938
2426223754.882812
2426437377.929688
2426651000.976562
2426864624.023438
2427078247.070312
2427291870.117188
2427505493.164062
2427719116.210938
2427932739.257812
2428146362.304688
2428359985.351562
2428573608.398438
2428787231.445312
2429000854.492188
2429214477.539062
2429428100.585938
2429641723.632812
2429855346.679688
2430068969.726562
2430282592.773438
2430496215.820312
2430709838.867188
2430923461.914062
2431137084.960938
2431350708.007812
2431564331.054688
2431777954.101562
2431991577.148438
2432205200.195312
2432418823.242188
2432632446.289062
2432846069.335938
2433059692.382812
2433273315.429688
2433486938.476562
2433700561.523438
2433914184.570312
2434127807.617188
2434341430.664062
2434555053.710938
2434768676.757812
2434982299.804688
2435195922.851562
2435409545.898438
2435623168.945312
2435836791.992188
2436050415.039062
2436264038.085938
2436477661.132812
2436691284.179688
2436904907.226562
2437118530.273438
2437332153.320312
2437545776.367188
2437759399.414062
2437973022.460938
2438186645.507812
2438400268.554688
2438613891.601562
2438827514.648438
2439041137.695312
2439254760.742188
2439468383.789062
2439682006.835938
2439895629.882812
2440109252.929688
2440322875.976562
2440536499.023438
2440750122.070312
2440963745.117188
2441177368.164062
2441390991.210938
2441604614.257812
2441818237.304688
2442031860.351562
2442245483.398438
2442459106.445312
2442672729.492188
2442886352.539062
2443099975.585938
2443313598.632812
2443527221.679688
2443740844.726562
2443954467.773438
2444168090.820312
2444381713.867188
2444595336.914062
2444808959.960938
2445022583.007812
2445236206.054688
2445449829.101562
2445663452.148438
2445877075.195312
2446090698.242188
2446304321.289062
2446517944.335938
2446731567.382812
2446945190.429688
2447158813.476562
2447372436.523438
2447586059.570312
2447799682.617188
2448013305.664062
2448226928.710938
2448440551.757812
2448654174.804688
2448867797.851562
2449081420.898438
2449295043.945312
2449508666.992188
2449722290.039062
2449935913.085938
2450149536.132812
2450363159.179688
2450576782.226562
2450790405.273438
2451004028.320312
2451217651.367188
2451431274.414062
2451644897.460938
2451858520.507812
2452072143.554688
2452285766.601562
2452499389.648438
2452713012.695312
2452926635.742188
2453140258.789062
2453353881.835938
2453567504.882812
2453781127.929688
2453994750.976562
2454208374.023438
2454421997.070312
2454635620.117188
2454849243.164062
2455062866.210938
2455276489.257812
2455490112.304688
2455703735.351562
2455917358.398438
2456130981.445312
2456344604.492188
2456558227.539062
2456771850.585938
2456985473.632812
2457199096.679688
2457412719.726562
2457626342.773438
2457839965.820312
2458053588.867188
2458267211.914062
2458480834.960938
2458694458.007812
2458908081.054688
2459121704.101562
2459335327.148438
2459548950.195312
2459762573.242188
2459976196.289062
2460189819.335938
2460403442.382812
2460617065.429688
2460830688.476562
2461044311.523438
2461257934.570312
2461471557.617188
2461685180.664062
2461898803.710938
2462112426.757812
2462326049.804688
2462539672.851562
2462753295.898438
2462966918.945312
2463180541.992188
2463394165.039062
2463607788.085938
2463821411.132812
2464035034.179688
2464248657.226562
2464462280.273438
2464675903.320312
2464889526.367188
2465103149.414062
2465316772.460938
2465530395.507812
2465744018.554688
2465957641.601562
2466171264.648438
2466384887.695312
2466598510.742188
2466812133.789062
2467025756.835938
2467239379.882812
2467453002.929688
2467666625.976562
2467880249.023438
2468093872.070312
2468307495.117188
2468521118.164062
2468734741.210938
2468948364.257812
2469161987.304688
2469375610.351562
2469589233.398438
2469802856.445312
2470016479.492188
2470230102.539062
2470443725.585938
2470657348.632812
2470870971.679688
2471084594.726562
2471298217.773438
2471511840.820312
2471725463.867188
2471939086.914062
2472152709.960938
2472366333.007812
2472579956.054688
2472793579.101562
2473007202.148438
2473220825.195312
2473434448.242188
2473648071.289062
2473861694.335938
2474075317.382812
2474288940.429688
2474502563.476562
2474716186.523438
2474929809.570312
2475143432.617188
2475357055.664062
2475570678.710938
2475784301.757812
2475997924.804688
2476211547.851562
2476425170.898438
2476638793.945312
2476852416.992188
2477066040.039062
2477279663.085938
2477493286.132812
2477706909.179688
2477920532.226562
2478134155.273438
2478347778.320312
2478561401.367188
2478775024.414062
2478988647.460938
2479202270.507812
2479415893.554688
2479629516.601562
2479843139.648438
2480056762.695312
2480270385.742188
2480484008.789062
2480697631.835938
2480911254.882812
2481124877.929688
2481338500.976562
2481552124.023438
2481765747.070312
2481979370.117188
2482192993.164062
2482406616.210938
2482620239.257812
2482833862.304688
2483047485.351562
2483261108.398438
2483474731.445312
2483688354.492188
2483901977.539062
2484115600.585938
2484329223.632812
2484542846.679688
2484756469.726562
2484970092.773438
2485183715.820312
2485397338.867188
2485610961.914062
2485824584.960938
2486038208.007812
2486251831.054688
2486465454.101562
2486679077.148438
2486892700.195312
2487106323.242188
2487319946.289062
2487533569.335938
2487747192.382812
2487960815.429688
2488174438.476562
2488388061.523438
2488601684.570312
2488815307.617188
2489028930.664062
2489242553.710938
2489456176.757812
2489669799.804688
2489883422.851562
2490097045.898438
2490310668.945312
2490524291.992188
2490737915.039062
2490951538.085938
2491165161.132812
2491378784.179688
2491592407.226562
2491806030.273438
2492019653.320312
2492233276.367188
2492446899.414062
2492660522.460938
2492874145.507812
2493087768.554688
2493301391.601562
2493515014.648438
2493728637.695312
2493942260.742188
2494155883.789062
2494369506.835938
2494583129.882812
2494796752.929688
2495010375.976562
2495223999.023438
2495437622.070312
2495651245.117188
2495864868.164062
2496078491.210938
2496292114.257812
2496505737.304688
2496719360.351562
2496932983.398438
2497146606.445312
2497360229.492188
2497573852.539062
2497787475.585938
2498001098.632812
2498214721.679688
2498428344.726562
2498641967.773438
2498855590.820312
2499069213.867188
2499282836.914062
2499496459.960938
2499710083.007812
2499923706.054688
2500137329.101562
2500350952.148438
2500564575.195312
2500778198.242188
2500991821.289062
2501205444.335938
2501419067.382812
2501632690.429688
2501846313.476562
2502059936.523438
2502273559.570312
2502487182.617188
2502700805.664062
2502914428.710938
2503128051.757812
2503341674.804688
2503555297.851562
2503768920.898438
2503982543.945312
2504196166.992188
2504409790.039062
2504623413.085938
2504837036.132812
2505050659.179688
2505264282.226562
2505477905.273438
2505691528.320312
2505905151.367188
2506118774.414062
2506332397.460938
2506546020.507812
2506759643.554688
2506973266.601562
2507186889.648438
2507400512.695312
2507614135.742188
2507827758.789062
2508041381.835938
2508255004.882812
2508468627.929688
2508682250.976562
2508895874.023438
2509109497.070312
2509323120.117188
2509536743.164062
2509750366.210938
2509963989.257812
2510177612.304688
2510391235.351562
2510604858.398438
2510818481.445312
2511032104.492188
2511245727.539062
2511459350.585938
2511672973.632812
2511886596.679688
2512100219.726562
2512313842.773438
2512527465.820312
2512741088.867188
2512954711.914062
2513168334.960938
2513381958.007812
2513595581.054688
2513809204.101562
2514022827.148438
2514236450.195312
2514450073.242188
2514663696.289062
2514877319.335938
2515090942.382812
2515304565.429688
2515518188.476562
2515731811.523438
2515945434.570312
2516159057.617188
2516372680.664062
2516586303.710938
2516799926.757812
2517013549.804688
2517227172.851562
2517440795.898438
2517654418.945312
2517868041.992188
2518081665.039062
2518295288.085938
2518508911.132812
2518722534.179688
2518936157.226562
2519149780.273438
2519363403.320312
2519577026.367188
2519790649.414062
2520004272.460938
2520217895.507812
2520431518.554688
2520645141.601562
2520858764.648438
2521072387.695312
2521286010.742188
2521499633.789062
2521713256.835938
2521926879.882812
2522140502.929688
2522354125.976562
2522567749.023438
2522781372.070312
2522994995.117188
2523208618.164062
2523422241.210938
2523635864.257812
2523849487.304688
2524063110.351562
2524276733.398438
2524490356.445312
2524703979.492188
2524917602.539062
2525131225.585938
2525344848.632812
2525558471.679688
2525772094.726562
2525985717.773438
2526199340.820312
2526412963.867188
2526626586.914062
2526840209.960938
2527053833.007812
2527267456.054688
2527481079.101562
2527694702.148438
2527908325.195312
2528121948.242188
2528335571.289062
2528549194.335938
2528762817.382812
2528976440.429688
2529190063.476562
2529403686.523438
2529617309.570312
2529830932.617188
2530044555.664062
2530258178.710938
2530471801.757812
2530685424.804688
2530899047.851562
2531112670.898438
2531326293.945312
2531539916.992188
2531753540.039062
2531967163.085938
2532180786.132812
2532394409.179688
2532608032.226562
2532821655.273438
2533035278.320312
2533248901.367188
2533462524.414062
2533676147.460938
2533889770.507812
2534103393.554688
2534317016.601562
2534530639.648438
2534744262.695312
2534957885.742188
2535171508.789062
2535385131.835938
2535598754.882812
2535812377.929688
2536026000.976562
2536239624.023438
2536453247.070312
2536666870.117188
2536880493.164062
2537094116.210938
2537307739.257812
2537521362.304688
2537734985.351562
2537948608.398438
2538162231.445312
2538375854.492188
2538589477.539062
2538803100.585938
2539016723.632812
2539230346.679688
2539443969.726562
2539657592.773438
2539871215.820312
2540084838.867188
2540298461.914062
2540512084.960938
2540725708.007812
2540939331.054688
2541152954.101562
2541366577.148438
2541580200.195312
2541793823.242188
2542007446.289062
2542221069.335938
2542434692.382812
2542648315.429688
2542861938.476562
2543075561.523438
2543289184.570312
2543502807.617188
2543716430.664062
2543930053.710938
2544143676.757812
2544357299.804688
2544570922.851562
2544784545.898438
2544998168.945312
2545211791.992188
2545425415.039062
2545639038.085938
2545852661.132812
2546066284.179688
2546279907.226562
2546493530.273438
2546707153.320312
2546920776.367188
2547134399.414062
2547348022.460938
2547561645.507812
2547775268.554688
2547988891.601562
2548202514.648438
2548416137.695312
2548629760.742188
2548843383.789062
2549057006.835938
2549270629.882812
2549484252.929688
2549697875.976562
2549911499.023438
2550125122.070312
2550338745.117188
2550552368.164062
2550765991.210938
2550979614.257812
2551193237.304688
2551406860.351562
2551620483.398438
2551834106.445312
2552047729.492188
2552261352.539062
2552474975.585938
2552688598.632812
2552902221.679688
2553115844.726562
2553329467.773438
2553543090.820312
2553756713.867188
2553970336.914062
2554183959.960938
2554397583.007812
2554611206.054688
2554824829.101562
2555038452.148438
2555252075.195312
2555465698.242188
2555679321.289062
2555892944.335938
2556106567.382812
2556320190.429688
2556533813.476562
2556747436.523438
2556961059.570312
2557174682.617188
2557388305.664062
2557601928.710938
2557815551.757812
2558029174.804688
2558242797.851562
2558456420.898438
2558670043.945312
2558883666.992188
2559097290.039062
2559310913.085938
2559524536.132812
2559738159.179688
2559951782.226562
2560165405.273438
2560379028.320312
2560592651.367188
2560806274.414062
2561019897.460938
2561233520.507812
2561447143.554688
2561660766.601562
2561874389.648438
2562088012.695312
2562301635.742188
2562515258.789062
2562728881.835938
2562942504.882812
2563156127.929688
2563369750.976562
2563583374.023438
2563796997.070312
2564010620.117188
2564224243.164062
2564437866.210938
2564651489.257812
2564865112.304688
2565078735.351562
2565292358.398438
2565505981.445312
2565719604.492188
2565933227.539062
2566146850.585938
2566360473.632812
2566574096.679688
2566787719.726562
2567001342.773438
2567214965.820312
2567428588.867188
2567642211.914062
2567855834.960938
2568069458.007812
2568283081.054688
2568496704.101562
2568710327.148438
2568923950.195312
2569137573.242188
2569351196.289062
2569564819.335938
2569778442.382812
2569992065.429688
2570205688.476562
2570419311.523438
2570632934.570312
2570846557.617188
2571060180.664062
2571273803.710938
2571487426.757812
2571701049.804688
2571914672.851562
2572128295.898438
2572341918.945312
2572555541.992188
2572769165.039062
2572982788.085938
2573196411.132812
2573410034.179688
2573623657.226562
2573837280.273438
2574050903.320312
2574264526.367188
2574478149.414062
2574691772.460938
2574905395.507812
2575119018.554688
2575332641.601562
2575546264.648438
2575759887.695312
2575973510.742188
2576187133.789062
2576400756.835938
2576614379.882812
2576828002.929688
2577041625.976562
2577255249.023438
2577468872.070312
2577682495.117188
2577896118.164062
2578109741.210938
2578323364.257812
2578536987.304688
2578750610.351562
2578964233.398438
2579177856.445312
2579391479.492188
2579605102.539062
2579818725.585938
2580032348.632812
2580245971.679688
2580459594.726562
2580673217.773438
2580886840.820312
2581100463.867188
2581314086.914062
2581527709.960938
2581741333.007812
2581954956.054688
2582168579.101562
2582382202.148438
2582595825.195312
2582809448.242188
2583023071.289062
2583236694.335938
2583450317.382812
2583663940.429688
2583877563.476562
2584091186.523438
2584304809.570312
2584518432.617188
2584732055.664062
2584945678.710938
2585159301.757812
2585372924.804688
2585586547.851562
2585800170.898438
2586013793.945312
2586227416.992188
2586441040.039062
2586654663.085938
2586868286.132812
2587081909.179688
2587295532.226562
2587509155.273438
2587722778.320312
2587936401.367188
2588150024.414062
2588363647.460938
2588577270.507812
2588790893.554688
2589004516.601562
2589218139.648438
2589431762.695312
2589645385.742188
2589859008.789062
2590072631.835938
2590286254.882812
2590499877.929688
2590713500.976562
2590927124.023438
2591140747.070312
2591354370.117188
2591567993.164062
2591781616.210938
2591995239.257812
2592208862.304688
2592422485.351562
2592636108.398438
2592849731.445312
2593063354.492188
2593276977.539062
2593490600.585938
2593704223.632812
2593917846.679688
2594131469.726562
2594345092.773438
2594558715.820312
2594772338.867188
2594985961.914062
2595199584.960938
2595413208.007812
2595626831.054688
2595840454.101562
2596054077.148438
2596267700.195312
2596481323.242188
2596694946.289062
2596908569.335938
2597122192.382812
2597335815.429688
2597549438.476562
2597763061.523438
2597976684.570312
2598190307.617188
2598403930.664062
2598617553.710938
2598831176.757812
2599044799.804688
2599258422.851562
2599472045.898438
2599685668.945312
2599899291.992188
2600112915.039062
2600326538.085938
2600540161.132812
2600753784.179688
2600967407.226562
2601181030.273438
2601394653.320312
2601608276.367188
2601821899.414062
2602035522.460938
2602249145.507812
2602462768.554688
2602676391.601562
2602890014.648438
2603103637.695312
2603317260.742188
2603530883.789062
2603744506.835938
2603958129.882812
2604171752.929688
2604385375.976562
2604598999.023438
2604812622.070312
2605026245.117188
2605239868.164062
2605453491.210938
2605667114.257812
2605880737.304688
2606094360.351562
2606307983.398438
2606521606.445312
2606735229.492188
2606948852.539062
2607162475.585938
2607376098.632812
2607589721.679688
2607803344.726562
2608016967.773438
2608230590.820312
2608444213.867188
2608657836.914062
2608871459.960938
2609085083.007812
2609298706.054688
2609512329.101562
2609725952.148438
2609939575.195312
2610153198.242188
2610366821.289062
2610580444.335938
2610794067.382812
2611007690.429688
2611221313.476562
2611434936.523438
2611648559.570312
2611862182.617188
2612075805.664062
2612289428.710938
2612503051.757812
2612716674.804688
2612930297.851562
2613143920.898438
2613357543.945312
2613571166.992188
2613784790.039062
2613998413.085938
2614212036.132812
2614425659.179688
2614639282.226562
2614852905.273438
2615066528.320312
2615280151.367188
2615493774.414062
2615707397.460938
2615921020.507812
2616134643.554688
2616348266.601562
2616561889.648438
2616775512.695312
2616989135.742188
2617202758.789062
2617416381.835938
2617630004.882812
2617843627.929688
2618057250.976562
2618270874.023438
2618484497.070312
2618698120.117188
2618911743.164062
2619125366.210938
2619338989.257812
2619552612.304688
2619766235.351562
2619979858.398438
2620193481.445312
2620407104.492188
2620620727.539062
2620834350.585938
2621047973.632812
2621261596.679688
2621475219.726562
2621688842.773438
2621902465.820312
2622116088.867188
2622329711.914062
2622543334.960938
2622756958.007812
2622970581.054688
2623184204.101562
2623397827.148438
2623611450.195312
2623825073.242188
2624038696.289062
2624252319.335938
2624465942.382812
2624679565.429688
2624893188.476562
2625106811.523438
2625320434.570312
2625534057.617188
2625747680.664062
2625961303.710938
2626174926.757812
2626388549.804688
2626602172.851562
2626815795.898438
2627029418.945312
2627243041.992188
2627456665.039062
2627670288.085938
2627883911.132812
2628097534.179688
2628311157.226562
2628524780.273438
2628738403.320312
2628952026.367188
2629165649.414062
2629379272.460938
2629592895.507812
2629806518.554688
2630020141.601562
2630233764.648438
2630447387.695312
2630661010.742188
2630874633.789062
2631088256.835938
2631301879.882812
2631515502.929688
2631729125.976562
2631942749.023438
2632156372.070312
2632369995.117188
2632583618.164062
2632797241.210938
2633010864.257812
2633224487.304688
2633438110.351562
2633651733.398438
2633865356.445312
2634078979.492188
2634292602.539062
2634506225.585938
2634719848.632812
2634933471.679688
2635147094.726562
2635360717.773438
2635574340.820312
2635787963.867188
2636001586.914062
2636215209.960938
2636428833.007812
2636642456.054688
2636856079.101562
2637069702.148438
2637283325.195312
2637496948.242188
2637710571.289062
2637924194.335938
2638137817.382812
2638351440.429688
2638565063.476562
2638778686.523438
2638992309.570312
2639205932.617188
2639419555.664062
2639633178.710938
2639846801.757812
2640060424.804688
2640274047.851562
2640487670.898438
2640701293.945312
2640914916.992188
2641128540.039062
2641342163.085938
2641555786.132812
2641769409.179688
2641983032.226562
2642196655.273438
2642410278.320312
2642623901.367188
2642837524.414062
2643051147.460938
2643264770.507812
2643478393.554688
2643692016.601562
2643905639.648438
2644119262.695312
2644332885.742188
2644546508.789062
2644760131.835938
2644973754.882812
2645187377.929688
2645401000.976562
2645614624.023438
2645828247.070312
2646041870.117188
2646255493.164062
2646469116.210938
2646682739.257812
2646896362.304688
2647109985.351562
2647323608.398438
2647537231.445312
2647750854.492188
2647964477.539062
2648178100.585938
2648391723.632812
2648605346.679688
2648818969.726562
2649032592.773438
2649246215.820312
2649459838.867188
2649673461.914062
2649887084.960938
2650100708.007812
2650314331.054688
2650527954.101562
2650741577.148438
2650955200.195312
2651168823.242188
2651382446.289062
2651596069.335938
2651809692.382812
2652023315.429688
2652236938.476562
2652450561.523438
2652664184.570312
2652877807.617188
2653091430.664062
2653305053.710938
2653518676.757812
2653732299.804688
2653945922.851562
2654159545.898438
2654373168.945312
2654586791.992188
2654800415.039062
2655014038.085938
2655227661.132812
2655441284.179688
2655654907.226562
2655868530.273438
2656082153.320312
2656295776.367188
2656509399.414062
2656723022.460938
2656936645.507812
2657150268.554688
2657363891.601562
2657577514.648438
2657791137.695312
2658004760.742188
2658218383.789062
2658432006.835938
2658645629.882812
2658859252.929688
2659072875.976562
2659286499.023438
2659500122.070312
2659713745.117188
2659927368.164062
2660140991.210938
2660354614.257812
2660568237.304688
2660781860.351562
2660995483.398438
2661209106.445312
2661422729.492188
2661636352.539062
2661849975.585938
2662063598.632812
2662277221.679688
2662490844.726562
2662704467.773438
2662918090.820312
2663131713.867188
2663345336.914062
2663558959.960938
2663772583.007812
2663986206.054688
2664199829.101562
2664413452.148438
2664627075.195312
2664840698.242188
2665054321.289062
2665267944.335938
2665481567.382812
2665695190.429688
2665908813.476562
2666122436.523438
2666336059.570312
2666549682.617188
2666763305.664062
2666976928.710938
2667190551.757812
2667404174.804688
2667617797.851562
2667831420.898438
2668045043.945312
2668258666.992188
2668472290.039062
2668685913.085938
2668899536.132812
2669113159.179688
2669326782.226562
2669540405.273438
2669754028.320312
2669967651.367188
2670181274.414062
2670394897.460938
2670608520.507812
2670822143.554688
2671035766.601562
2671249389.648438
2671463012.695312
2671676635.742188
2671890258.789062
2672103881.835938
2672317504.882812
2672531127.929688
2672744750.976562
2672958374.023438
2673171997.070312
2673385620.117188
2673599243.164062
2673812866.210938
2674026489.257812
2674240112.304688
2674453735.351562
2674667358.398438
2674880981.445312
2675094604.492188
2675308227.539062
2675521850.585938
2675735473.632812
2675949096.679688
2676162719.726562
2676376342.773438
2676589965.820312
2676803588.867188
2677017211.914062
2677230834.960938
2677444458.007812
2677658081.054688
2677871704.101562
2678085327.148438
2678298950.195312
2678512573.242188
2678726196.289062
2678939819.335938
2679153442.382812
2679367065.429688
2679580688.476562
2679794311.523438
2680007934.570312
2680221557.617188
2680435180.664062
2680648803.710938
2680862426.757812
2681076049.804688
2681289672.851562
2681503295.898438
2681716918.945312
2681930541.992188
2682144165.039062
2682357788.085938
2682571411.132812
2682785034.179688
2682998657.226562
2683212280.273438
2683425903.320312
2683639526.367188
2683853149.414062
2684066772.460938
2684280395.507812
2684494018.554688
2684707641.601562
2684921264.648438
2685134887.695312
2685348510.742188
2685562133.789062
2685775756.835938
2685989379.882812
2686203002.929688
2686416625.976562
2686630249.023438
2686843872.070312
2687057495.117188
2687271118.164062
2687484741.210938
2687698364.257812
2687911987.304688
2688125610.351562
2688339233.398438
2688552856.445312
2688766479.492188
2688980102.539062
2689193725.585938
2689407348.632812
2689620971.679688
2689834594.726562
2690048217.773438
2690261840.820312
2690475463.867188
2690689086.914062
2690902709.960938
2691116333.007812
2691329956.054688
2691543579.101562
2691757202.148438
2691970825.195312
2692184448.242188
2692398071.289062
2692611694.335938
2692825317.382812
2693038940.429688
2693252563.476562
2693466186.523438
2693679809.570312
2693893432.617188
2694107055.664062
2694320678.710938
2694534301.757812
2694747924.804688
2694961547.851562
2695175170.898438
2695388793.945312
2695602416.992188
2695816040.039062
2696029663.085938
2696243286.132812
2696456909.179688
2696670532.226562
2696884155.273438
2697097778.320312
2697311401.367188
2697525024.414062
2697738647.460938
2697952270.507812
2698165893.554688
2698379516.601562
2698593139.648438
2698806762.695312
2699020385.742188
2699234008.789062
2699447631.835938
2699661254.882812
2699874877.929688
2700088500.976562
2700302124.023438
2700515747.070312
2700729370.117188
2700942993.164062
2701156616.210938
2701370239.257812
2701583862.304688
2701797485.351562
2702011108.398438
2702224731.445312
2702438354.492188
2702651977.539062
2702865600.585938
2703079223.632812
2703292846.679688
2703506469.726562
2703720092.773438
2703933715.820312
2704147338.867188
2704360961.914062
2704574584.960938
2704788208.007812
2705001831.054688
2705215454.101562
2705429077.148438
2705642700.195312
2705856323.242188
2706069946.289062
2706283569.335938
2706497192.382812
2706710815.429688
2706924438.476562
2707138061.523438
2707351684.570312
2707565307.617188
2707778930.664062
2707992553.710938
2708206176.757812
2708419799.804688
2708633422.851562
2708847045.898438
2709060668.945312
2709274291.992188
2709487915.039062
2709701538.085938
2709915161.132812
2710128784.179688
2710342407.226562
2710556030.273438
2710769653.320312
2710983276.367188
2711196899.414062
2711410522.460938
2711624145.507812
2711837768.554688
2712051391.601562
2712265014.648438
2712478637.695312
2712692260.742188
2712905883.789062
2713119506.835938
2713333129.882812
2713546752.929688
2713760375.976562
2713973999.023438
2714187622.070312
2714401245.117188
2714614868.164062
2714828491.210938
2715042114.257812
2715255737.304688
2715469360.351562
2715682983.398438
2715896606.445312
2716110229.492188
2716323852.539062
2716537475.585938
2716751098.632812
2716964721.679688
2717178344.726562
2717391967.773438
2717605590.820312
2717819213.867188
2718032836.914062
2718246459.960938
2718460083.007812
2718673706.054688
2718887329.101562
2719100952.148438
2719314575.195312
2719528198.242188
2719741821.289062
2719955444.335938
2720169067.382812
2720382690.429688
2720596313.476562
2720809936.523438
2721023559.570312
2721237182.617188
2721450805.664062
2721664428.710938
2721878051.757812
2722091674.804688
2722305297.851562
2722518920.898438
2722732543.945312
2722946166.992188
2723159790.039062
2723373413.085938
2723587036.132812
2723800659.179688
2724014282.226562
2724227905.273438
2724441528.320312
2724655151.367188
2724868774.414062
2725082397.460938
2725296020.507812
2725509643.554688
2725723266.601562
2725936889.648438
2726150512.695312
2726364135.742188
2726577758.789062
2726791381.835938
2727005004.882812
2727218627.929688
2727432250.976562
2727645874.023438
2727859497.070312
2728073120.117188
2728286743.164062
2728500366.210938
2728713989.257812
2728927612.304688
2729141235.351562
2729354858.398438
2729568481.445312
2729782104.492188
2729995727.539062
2730209350.585938
2730422973.632812
2730636596.679688
2730850219.726562
2731063842.773438
2731277465.820312
2731491088.867188
2731704711.914062
2731918334.960938
2732131958.007812
2732345581.054688
2732559204.101562
2732772827.148438
2732986450.195312
2733200073.242188
2733413696.289062
2733627319.335938
2733840942.382812
2734054565.429688
2734268188.476562
2734481811.523438
2734695434.570312
2734909057.617188
2735122680.664062
2735336303.710938
2735549926.757812
2735763549.804688
2735977172.851562
2736190795.898438
2736404418.945312
2736618041.992188
2736831665.039062
2737045288.085938
2737258911.132812
2737472534.179688
2737686157.226562
2737899780.273438
2738113403.320312
2738327026.367188
2738540649.414062
2738754272.460938
2738967895.507812
2739181518.554688
2739395141.601562
2739608764.648438
2739822387.695312
2740036010.742188
2740249633.789062
2740463256.835938
2740676879.882812
2740890502.929688
2741104125.976562
2741317749.023438
2741531372.070312
2741744995.117188
2741958618.164062
2742172241.210938
2742385864.257812
2742599487.304688
2742813110.351562
2743026733.398438
2743240356.445312
2743453979.492188
2743667602.539062
2743881225.585938
2744094848.632812
2744308471.679688
2744522094.726562
2744735717.773438
2744949340.820312
2745162963.867188
2745376586.914062
2745590209.960938
2745803833.007812
2746017456.054688
2746231079.101562
2746444702.148438
2746658325.195312
2746871948.242188
2747085571.289062
2747299194.335938
2747512817.382812
2747726440.429688
2747940063.476562
2748153686.523438
2748367309.570312
2748580932.617188
2748794555.664062
2749008178.710938
2749221801.757812
2749435424.804688
2749649047.851562
2749862670.898438
2750076293.945312
2750289916.992188
2750503540.039062
2750717163.085938
2750930786.132812
2751144409.179688
2751358032.226562
2751571655.273438
2751785278.320312
2751998901.367188
2752212524.414062
2752426147.460938
2752639770.507812
2752853393.554688
2753067016.601562
2753280639.648438
2753494262.695312
2753707885.742188
2753921508.789062
2754135131.835938
2754348754.882812
2754562377.929688
2754776000.976562
2754989624.023438
2755203247.070312
2755416870.117188
2755630493.164062
2755844116.210938
2756057739.257812
2756271362.304688
2756484985.351562
2756698608.398438
2756912231.445312
2757125854.492188
2757339477.539062
2757553100.585938
2757766723.632812
2757980346.679688
2758193969.726562
2758407592.773438
2758621215.820312
2758834838.867188
2759048461.914062
2759262084.960938
2759475708.007812
2759689331.054688
2759902954.101562
2760116577.148438
2760330200.195312
2760543823.242188
2760757446.289062
2760971069.335938
2761184692.382812
2761398315.429688
2761611938.476562
2761825561.523438
2762039184.570312
2762252807.617188
2762466430.664062
2762680053.710938
2762893676.757812
2763107299.804688
2763320922.851562
2763534545.898438
2763748168.945312
2763961791.992188
2764175415.039062
2764389038.085938
2764602661.132812
2764816284.179688
2765029907.226562
2765243530.273438
2765457153.320312
2765670776.367188
2765884399.414062
2766098022.460938
2766311645.507812
2766525268.554688
2766738891.601562
2766952514.648438
2767166137.695312
2767379760.742188
2767593383.789062
2767807006.835938
2768020629.882812
2768234252.929688
2768447875.976562
2768661499.023438
2768875122.070312
2769088745.117188
2769302368.164062
2769515991.210938
2769729614.257812
2769943237.304688
2770156860.351562
2770370483.398438
2770584106.445312
2770797729.492188
2771011352.539062
2771224975.585938
2771438598.632812
2771652221.679688
2771865844.726562
2772079467.773438
2772293090.820312
2772506713.867188
2772720336.914062
2772933959.960938
2773147583.007812
2773361206.054688
2773574829.101562
2773788452.148438
2774002075.195312
2774215698.242188
2774429321.289062
2774642944.335938
2774856567.382812
2775070190.429688
2775283813.476562
2775497436.523438
2775711059.570312
2775924682.617188
2776138305.664062
2776351928.710938
2776565551.757812
2776779174.804688
2776992797.851562
2777206420.898438
2777420043.945312
2777633666.992188
2777847290.039062
2778060913.085938
2778274536.132812
2778488159.179688
2778701782.226562
2778915405.273438
2779129028.320312
2779342651.367188
2779556274.414062
2779769897.460938
2779983520.507812
2780197143.554688
2780410766.601562
2780624389.648438
2780838012.695312
2781051635.742188
2781265258.789062
2781478881.835938
2781692504.882812
2781906127.929688
2782119750.976562
2782333374.023438
2782546997.070312
2782760620.117188
2782974243.164062
2783187866.210938
2783401489.257812
2783615112.304688
2783828735.351562
2784042358.398438
2784255981.445312
2784469604.492188
2784683227.539062
2784896850.585938
2785110473.632812
2785324096.679688
2785537719.726562
2785751342.773438
2785964965.820312
2786178588.867188
2786392211.914062
2786605834.960938
2786819458.007812
2787033081.054688
2787246704.101562
2787460327.148438
2787673950.195312
2787887573.242188
2788101196.289062
2788314819.335938
2788528442.382812
2788742065.429688
2788955688.476562
2789169311.523438
2789382934.570312
2789596557.617188
2789810180.664062
2790023803.710938
2790237426.757812
2790451049.804688
2790664672.851562
2790878295.898438
2791091918.945312
2791305541.992188
2791519165.039062
2791732788.085938
2791946411.132812
2792160034.179688
2792373657.226562
2792587280.273438
2792800903.320312
2793014526.367188
2793228149.414062
2793441772.460938
2793655395.507812
2793869018.554688
2794082641.601562
2794296264.648438
2794509887.695312
2794723510.742188
2794937133.789062
2795150756.835938
2795364379.882812
2795578002.929688
2795791625.976562
2796005249.023438
2796218872.070312
2796432495.117188
2796646118.164062
2796859741.210938
2797073364.257812
2797286987.304688
2797500610.351562
2797714233.398438
2797927856.445312
2798141479.492188
2798355102.539062
2798568725.585938
2798782348.632812
2798995971.679688
2799209594.726562
2799423217.773438
2799636840.820312
2799850463.867188
2800064086.914062
2800277709.960938
2800491333.007812
2800704956.054688
2800918579.101562
2801132202.148438
2801345825.195312
2801559448.242188
2801773071.289062
2801986694.335938
2802200317.382812
2802413940.429688
2802627563.476562
2802841186.523438
2803054809.570312
2803268432.617188
2803482055.664062
2803695678.710938
2803909301.757812
2804122924.804688
2804336547.851562
2804550170.898438
2804763793.945312
2804977416.992188
2805191040.039062
2805404663.085938
2805618286.132812
2805831909.179688
2806045532.226562
2806259155.273438
2806472778.320312
2806686401.367188
2806900024.414062
2807113647.460938
2807327270.507812
2807540893.554688
2807754516.601562
2807968139.648438
2808181762.695312
2808395385.742188
2808609008.789062
2808822631.835938
2809036254.882812
2809249877.929688
2809463500.976562
2809677124.023438
2809890747.070312
2810104370.117188
2810317993.164062
2810531616.210938
2810745239.257812
2810958862.304688
2811172485.351562
2811386108.398438
2811599731.445312
2811813354.492188
2812026977.539062
2812240600.585938
2812454223.632812
2812667846.679688
2812881469.726562
2813095092.773438
2813308715.820312
2813522338.867188
2813735961.914062
2813949584.960938
2814163208.007812
2814376831.054688
2814590454.101562
2814804077.148438
2815017700.195312
2815231323.242188
2815444946.289062
2815658569.335938
2815872192.382812
2816085815.429688
2816299438.476562
2816513061.523438
2816726684.570312
2816940307.617188
2817153930.664062
2817367553.710938
2817581176.757812
2817794799.804688
2818008422.851562
2818222045.898438
2818435668.945312
2818649291.992188
2818862915.039062
2819076538.085938
2819290161.132812
2819503784.179688
2819717407.226562
2819931030.273438
2820144653.320312
2820358276.367188
2820571899.414062
2820785522.460938
2820999145.507812
2821212768.554688
2821426391.601562
2821640014.648438
2821853637.695312
2822067260.742188
2822280883.789062
2822494506.835938
2822708129.882812
2822921752.929688
2823135375.976562
2823348999.023438
2823562622.070312
2823776245.117188
2823989868.164062
2824203491.210938
2824417114.257812
2824630737.304688
2824844360.351562
2825057983.398438
2825271606.445312
2825485229.492188
2825698852.539062
2825912475.585938
2826126098.632812
2826339721.679688
2826553344.726562
2826766967.773438
2826980590.820312
2827194213.867188
2827407836.914062
2827621459.960938
2827835083.007812
2828048706.054688
2828262329.101562
2828475952.148438
2828689575.195312
2828903198.242188
2829116821.289062
2829330444.335938
2829544067.382812
2829757690.429688
2829971313.476562
2830184936.523438
2830398559.570312
2830612182.617188
2830825805.664062
2831039428.710938
2831253051.757812
2831466674.804688
2831680297.851562
2831893920.898438
2832107543.945312
2832321166.992188
2832534790.039062
2832748413.085938
2832962036.132812
2833175659.179688
2833389282.226562
2833602905.273438
2833816528.320312
2834030151.367188
2834243774.414062
2834457397.460938
2834671020.507812
2834884643.554688
2835098266.601562
2835311889.648438
2835525512.695312
2835739135.742188
2835952758.789062
2836166381.835938
2836380004.882812
2836593627.929688
2836807250.976562
2837020874.023438
2837234497.070312
2837448120.117188
2837661743.164062
2837875366.210938
2838088989.257812
2838302612.304688
2838516235.351562
2838729858.398438
2838943481.445312
2839157104.492188
2839370727.539062
2839584350.585938
2839797973.632812
2840011596.679688
2840225219.726562
2840438842.773438
2840652465.820312
2840866088.867188
2841079711.914062
2841293334.960938
2841506958.007812
2841720581.054688
2841934204.101562
2842147827.148438
2842361450.195312
2842575073.242188
2842788696.289062
2843002319.335938
2843215942.382812
2843429565.429688
2843643188.476562
