# MeerKAT S-band sub-band S3: 2406.25--3281.25 MHz (center 2843.75 MHz)
# Reference: Table 4, Hale et al. 2025, MNRAS 536, arXiv:2412.09314, https://arxiv.org/html/2412.09314v1
#            SKA Africa MeerKAT specs, https://skaafrica.atlassian.net/wiki/spaces/ESDKB/pages/277315585/MeerKAT+specifications
# Channel density: ~214 kHz/ch
2406356811.523438
2406570434.570312
2406784057.617188
2406997680.664062
2407211303.710938
2407424926.757812
2407638549.804688
2407852172.851562
2408065795.898438
2408279418.945312
2408493041.992188
2408706665.039062
2408920288.085938
2409133911.132812
2409347534.179688
2409561157.226562
2409774780.273438
2409988403.320312
2410202026.367188
2410415649.414062
2410629272.460938
2410842895.507812
2411056518.554688
2411270141.601562
2411483764.648438
2411697387.695312
2411911010.742188
2412124633.789062
2412338256.835938
2412551879.882812
2412765502.929688
2412979125.976562
2413192749.023438
2413406372.070312
2413619995.117188
2413833618.164062
2414047241.210938
2414260864.257812
2414474487.304688
2414688110.351562
2414901733.398438
2415115356.445312
2415328979.492188
2415542602.539062
2415756225.585938
2415969848.632812
2416183471.679688
2416397094.726562
2416610717.773438
2416824340.820312
2417037963.867188
2417251586.914062
2417465209.960938
2417678833.007812
2417892456.054688
2418106079.101562
2418319702.148438
2418533325.195312
2418746948.242188
2418960571.289062
2419174194.335938
2419387817.382812
2419601440.429688
2419815063.476562
2420028686.523438
2420242309.570312
2420455932.617188
2420669555.664062
2420883178.710938
2421096801.757812
2421310424.804688
2421524047.851562
2421737670.898438
2421951293.945312
2422164916.992188
2422378540.039062
2422592163.085938
2422805786.132812
2423019409.179688
2423233032.226562
2423446655.273438
2423660278.320312
2423873901.367188
2424087524.414062
2424301147.460938
2424514770.507812
2424728393.554688
2424942016.601562
2425155639.648438
2425369262.695312
2425582885.742188
2425796508.789062
2426010131.835938
2426223754.882812
2426437377.929688
2426651000.976562
2426864624.023438
2427078247.070312
2427291870.117188
2427505493.164062
2427719116.210938
2427932739.257812
2428146362.304688
2428359985.351562
2428573608.398438
2428787231.445312
2429000854.492188
2429214477.539062
2429428100.585938
2429641723.632812
2429855346.679688
2430068969.726562
2430282592.773438
2430496215.820312
2430709838.867188
2430923461.914062
2431137084.960938
2431350708.007812
2431564331.054688
2431777954.101562
2431991577.148438
2432205200.195312
2432418823.242188
2432632446.289062
2432846069.335938
2433059692.382812
2433273315.429688
2433486938.476562
2433700561.523438
2433914184.570312
2434127807.617188
2434341430.664062
2434555053.710938
2434768676.757812
2434982299.804688
2435195922.851562
2435409545.898438
2435623168.945312
2435836791.992188
2436050415.039062
2436264038.085938
2436477661.132812
2436691284.179688
2436904907.226562
2437118530.273438
2437332153.320312
2437545776.367188
2437759399.414062
2437973022.460938
2438186645.507812
2438400268.554688
2438613891.601562
2438827514.648438
2439041137.695312
2439254760.742188
2439468383.789062
2439682006.835938
2439895629.882812
2440109252.929688
2440322875.976562
2440536499.023438
2440750122.070312
2440963745.117188
2441177368.164062
2441390991.210938
2441604614.257812
2441818237.304688
2442031860.351562
2442245483.398438
2442459106.445312
2442672729.492188
2442886352.539062
2443099975.585938
2443313598.632812
2443527221.679688
2443740844.726562
2443954467.773438
2444168090.820312
2444381713.867188
2444595336.914062
2444808959.960938
2445022583.007812
2445236206.054688
2445449829.101562
2445663452.148438
2445877075.195312
2446090698.242188
2446304321.289062
2446517944.335938
2446731567.382812
2446945190.429688
2447158813.476562
2447372436.523438
2447586059.570312
2447799682.617188
2448013305.664062
2448226928.710938
2448440551.757812
2448654174.804688
2448867797.851562
2449081420.898438
2449295043.945312
2449508666.992188
2449722290.039062
2449935913.085938
2450149536.132812
2450363159.179688
2450576782.226562
2450790405.273438
2451004028.320312
2451217651.367188
2451431274.414062
2451644897.460938
2451858520.507812
2452072143.554688
2452285766.601562
2452499389.648438
2452713012.695312
2452926635.742188
2453140258.789062
2453353881.835938
2453567504.882812
2453781127.929688
2453994750.976562
2454208374.023438
2454421997.070312
2454635620.117188
2454849243.164062
2455062866.210938
2455276489.257812
2455490112.304688
2455703735.351562
2455917358.398438
2456130981.445312
2456344604.492188
2456558227.539062
2456771850.585938
2456985473.632812
2457199096.679688
2457412719.726562
2457626342.773438
2457839965.820312
2458053588.867188
2458267211.914062
2458480834.960938
2458694458.007812
2458908081.054688
2459121704.101562
2459335327.148438
2459548950.195312
2459762573.242188
2459976196.289062
2460189819.335938
2460403442.382812
2460617065.429688
2460830688.476562
2461044311.523438
2461257934.570312
2461471557.617188
2461685180.664062
2461898803.710938
2462112426.757812
2462326049.804688
2462539672.851562
2462753295.898438
2462966918.945312
2463180541.992188
2463394165.039062
2463607788.085938
2463821411.132812
2464035034.179688
2464248657.226562
2464462280.273438
2464675903.320312
2464889526.367188
2465103149.414062
2465316772.460938
2465530395.507812
2465744018.554688
2465957641.601562
2466171264.648438
2466384887.695312
2466598510.742188
2466812133.789062
2467025756.835938
2467239379.882812
2467453002.929688
2467666625.976562
2467880249.023438
2468093872.070312
2468307495.117188
2468521118.164062
2468734741.210938
2468948364.257812
2469161987.304688
2469375610.351562
2469589233.398438
2469802856.445312
2470016479.492188
2470230102.539062
2470443725.585938
2470657348.632812
2470870971.679688
2471084594.726562
2471298217.773438
2471511840.820312
2471725463.867188
2471939086.914062
2472152709.960938
2472366333.007812
2472579956.054688
2472793579.101562
2473007202.148438
2473220825.195312
2473434448.242188
2473648071.289062
2473861694.335938
2474075317.382812
2474288940.429688
2474502563.476562
2474716186.523438
2474929809.570312
2475143432.617188
2475357055.664062
2475570678.710938
2475784301.757812
2475997924.804688
2476211547.851562
2476425170.898438
2476638793.945312
2476852416.992188
2477066040.039062
2477279663.085938
2477493286.132812
2477706909.179688
2477920532.226562
2478134155.273438
2478347778.320312
2478561401.367188
2478775024.414062
2478988647.460938
2479202270.507812
2479415893.554688
2479629516.601562
2479843139.648438
2480056762.695312
2480270385.742188
2480484008.789062
2480697631.835938
2480911254.882812
2481124877.929688
2481338500.976562
2481552124.023438
2481765747.070312
2481979370.117188
2482192993.164062
2482406616.210938
2482620239.257812
2482833862.304688
2483047485.351562
2483261108.398438
2483474731.445312
2483688354.492188
2483901977.539062
2484115600.585938
2484329223.632812
2484542846.679688
2484756469.726562
2484970092.773438
2485183715.820312
2485397338.867188
2485610961.914062
2485824584.960938
2486038208.007812
2486251831.054688
2486465454.101562
2486679077.148438
2486892700.195312
2487106323.242188
2487319946.289062
2487533569.335938
2487747192.382812
2487960815.429688
2488174438.476562
2488388061.523438
2488601684.570312
2488815307.617188
2489028930.664062
2489242553.710938
2489456176.757812
2489669799.804688
2489883422.851562
2490097045.898438
2490310668.945312
2490524291.992188
2490737915.039062
2490951538.085938
2491165161.132812
2491378784.179688
2491592407.226562
2491806030.273438
2492019653.320312
2492233276.367188
2492446899.414062
2492660522.460938
2492874145.507812
2493087768.554688
2493301391.601562
2493515014.648438
2493728637.695312
2493942260.742188
2494155883.789062
2494369506.835938
2494583129.882812
2494796752.929688
2495010375.976562
2495223999.023438
2495437622.070312
2495651245.117188
2495864868.164062
2496078491.210938
2496292114.257812
2496505737.304688
2496719360.351562
2496932983.398438
2497146606.445312
2497360229.492188
2497573852.539062
2497787475.585938
2498001098.632812
2498214721.679688
2498428344.726562
2498641967.773438
2498855590.820312
2499069213.867188
2499282836.914062
2499496459.960938
2499710083.007812
2499923706.054688
2500137329.101562
2500350952.148438
2500564575.195312
2500778198.242188
2500991821.289062
2501205444.335938
2501419067.382812
2501632690.429688
2501846313.476562
2502059936.523438
2502273559.570312
2502487182.617188
2502700805.664062
2502914428.710938
2503128051.757812
2503341674.804688
2503555297.851562
2503768920.898438
2503982543.945312
2504196166.992188
2504409790.039062
2504623413.085938
2504837036.132812
2505050659.179688
2505264282.226562
2505477905.273438
2505691528.320312
2505905151.367188
2506118774.414062
2506332397.460938
2506546020.507812
2506759643.554688
2506973266.601562
2507186889.648438
2507400512.695312
2507614135.742188
2507827758.789062
2508041381.835938
2508255004.882812
2508468627.929688
2508682250.976562
2508895874.023438
2509109497.070312
2509323120.117188
2509536743.164062
2509750366.210938
2509963989.257812
2510177612.304688
2510391235.351562
2510604858.398438
2510818481.445312
2511032104.492188
2511245727.539062
2511459350.585938
2511672973.632812
2511886596.679688
2512100219.726562
2512313842.773438
2512527465.820312
2512741088.867188
2512954711.914062
2513168334.960938
2513381958.007812
2513595581.054688
2513809204.101562
2514022827.148438
2514236450.195312
2514450073.242188
2514663696.289062
2514877319.335938
2515090942.382812
2515304565.429688
2515518188.476562
2515731811.523438
2515945434.570312
2516159057.617188
2516372680.664062
2516586303.710938
2516799926.757812
2517013549.804688
2517227172.851562
2517440795.898438
2517654418.945312
2517868041.992188
2518081665.039062
2518295288.085938
2518508911.132812
2518722534.179688
2518936157.226562
2519149780.273438
2519363403.320312
2519577026.367188
2519790649.414062
2520004272.460938
2520217895.507812
2520431518.554688
2520645141.601562
2520858764.648438
2521072387.695312
2521286010.742188
2521499633.789062
2521713256.835938
2521926879.882812
2522140502.929688
2522354125.976562
2522567749.023438
2522781372.070312
2522994995.117188
2523208618.164062
2523422241.210938
2523635864.257812
2523849487.304688
2524063110.351562
2524276733.398438
2524490356.445312
2524703979.492188
2524917602.539062
2525131225.585938
2525344848.632812
2525558471.679688
2525772094.726562
2525985717.773438
2526199340.820312
2526412963.867188
2526626586.914062
2526840209.960938
2527053833.007812
2527267456.054688
2527481079.101562
2527694702.148438
2527908325.195312
2528121948.242188
2528335571.289062
2528549194.335938
2528762817.382812
2528976440.429688
2529190063.476562
2529403686.523438
2529617309.570312
2529830932.617188
2530044555.664062
2530258178.710938
2530471801.757812
2530685424.804688
2530899047.851562
2531112670.898438
2531326293.945312
2531539916.992188
2531753540.039062
2531967163.085938
2532180786.132812
2532394409.179688
2532608032.226562
2532821655.273438
2533035278.320312
2533248901.367188
2533462524.414062
2533676147.460938
2533889770.507812
2534103393.554688
2534317016.601562
2534530639.648438
2534744262.695312
2534957885.742188
2535171508.789062
2535385131.835938
2535598754.882812
2535812377.929688
2536026000.976562
2536239624.023438
2536453247.070312
2536666870.117188
2536880493.164062
2537094116.210938
2537307739.257812
2537521362.304688
2537734985.351562
2537948608.398438
2538162231.445312
2538375854.492188
2538589477.539062
2538803100.585938
2539016723.632812
2539230346.679688
2539443969.726562
2539657592.773438
2539871215.820312
2540084838.867188
2540298461.914062
2540512084.960938
2540725708.007812
2540939331.054688
2541152954.101562
2541366577.148438
2541580200.195312
2541793823.242188
2542007446.289062
2542221069.335938
2542434692.382812
2542648315.429688
2542861938.476562
2543075561.523438
2543289184.570312
2543502807.617188
2543716430.664062
2543930053.710938
2544143676.757812
2544357299.804688
2544570922.851562
2544784545.898438
2544998168.945312
2545211791.992188
2545425415.039062
2545639038.085938
2545852661.132812
2546066284.179688
2546279907.226562
2546493530.273438
2546707153.320312
2546920776.367188
2547134399.414062
2547348022.460938
2547561645.507812
2547775268.554688
2547988891.601562
2548202514.648438
2548416137.695312
2548629760.742188
2548843383.789062
2549057006.835938
2549270629.882812
2549484252.929688
2549697875.976562
2549911499.023438
2550125122.070312
2550338745.117188
2550552368.164062
2550765991.210938
2550979614.257812
2551193237.304688
2551406860.351562
2551620483.398438
2551834106.445312
2552047729.492188
2552261352.539062
2552474975.585938
2552688598.632812
2552902221.679688
2553115844.726562
2553329467.773438
2553543090.820312
2553756713.867188
2553970336.914062
2554183959.960938
2554397583.007812
2554611206.054688
2554824829.101562
2555038452.148438
2555252075.195312
2555465698.242188
2555679321.289062
2555892944.335938
2556106567.382812
2556320190.429688
2556533813.476562
2556747436.523438
2556961059.570312
2557174682.617188
2557388305.664062
2557601928.710938
2557815551.757812
2558029174.804688
2558242797.851562
2558456420.898438
2558670043.945312
2558883666.992188
2559097290.039062
2559310913.085938
2559524536.132812
2559738159.179688
2559951782.226562
2560165405.273438
2560379028.320312
2560592651.367188
2560806274.414062
2561019897.460938
2561233520.507812
2561447143.554688
2561660766.601562
2561874389.648438
2562088012.695312
2562301635.742188
2562515258.789062
2562728881.835938
2562942504.882812
2563156127.929688
2563369750.976562
2563583374.023438
2563796997.070312
2564010620.117188
2564224243.164062
2564437866.210938
2564651489.257812
2564865112.304688
2565078735.351562
2565292358.398438
2565505981.445312
2565719604.492188
2565933227.539062
2566146850.585938
2566360473.632812
2566574096.679688
2566787719.726562
2567001342.773438
2567214965.820312
2567428588.867188
2567642211.914062
2567855834.960938
2568069458.007812
2568283081.054688
2568496704.101562
2568710327.148438
2568923950.195312
2569137573.242188
2569351196.289062
2569564819.335938
2569778442.382812
2569992065.429688
2570205688.476562
2570419311.523438
2570632934.570312
2570846557.617188
2571060180.664062
2571273803.710938
2571487426.757812
2571701049.804688
2571914672.851562
2572128295.898438
2572341918.945312
2572555541.992188
2572769165.039062
2572982788.085938
2573196411.132812
2573410034.179688
2573623657.226562
2573837280.273438
2574050903.320312
2574264526.367188
2574478149.414062
2574691772.460938
2574905395.507812
2575119018.554688
2575332641.601562
2575546264.648438
2575759887.695312
2575973510.742188
2576187133.789062
2576400756.835938
2576614379.882812
2576828002.929688
2577041625.976562
2577255249.023438
2577468872.070312
2577682495.117188
2577896118.164062
2578109741.210938
2578323364.257812
2578536987.304688
2578750610.351562
2578964233.398438
2579177856.445312
2579391479.492188
2579605102.539062
2579818725.585938
2580032348.632812
2580245971.679688
2580459594.726562
2580673217.773438
2580886840.820312
2581100463.867188
2581314086.914062
2581527709.960938
2581741333.007812
2581954956.054688
2582168579.101562
2582382202.148438
2582595825.195312
2582809448.242188
2583023071.289062
2583236694.335938
2583450317.382812
2583663940.429688
2583877563.476562
2584091186.523438
2584304809.570312
2584518432.617188
2584732055.664062
2584945678.710938
2585159301.757812
2585372924.804688
2585586547.851562
2585800170.898438
2586013793.945312
2586227416.992188
2586441040.039062
2586654663.085938
2586868286.132812
2587081909.179688
2587295532.226562
2587509155.273438
2587722778.320312
2587936401.367188
2588150024.414062
2588363647.460938
2588577270.507812
2588790893.554688
2589004516.601562
2589218139.648438
2589431762.695312
2589645385.742188
2589859008.789062
2590072631.835938
2590286254.882812
2590499877.929688
2590713500.976562
2590927124.023438
2591140747.070312
2591354370.117188
2591567993.164062
2591781616.210938
2591995239.257812
2592208862.304688
2592422485.351562
2592636108.398438
2592849731.445312
2593063354.492188
2593276977.539062
2593490600.585938
2593704223.632812
2593917846.679688
2594131469.726562
2594345092.773438
2594558715.820312
2594772338.867188
2594985961.914062
2595199584.960938
2595413208.007812
2595626831.054688
2595840454.101562
2596054077.148438
2596267700.195312
2596481323.242188
2596694946.289062
2596908569.335938
2597122192.382812
2597335815.429688
2597549438.476562
2597763061.523438
2597976684.570312
2598190307.617188
2598403930.664062
2598617553.710938
2598831176.757812
2599044799.804688
2599258422.851562
2599472045.898438
2599685668.945312
2599899291.992188
2600112915.039062
2600326538.085938
2600540161.132812
2600753784.179688
2600967407.226562
2601181030.273438
2601394653.320312
2601608276.367188
2601821899.414062
2602035522.460938
2602249145.507812
2602462768.554688
2602676391.601562
2602890014.648438
2603103637.695312
2603317260.742188
2603530883.789062
2603744506.835938
2603958129.882812
2604171752.929688
2604385375.976562
2604598999.023438
2604812622.070312
2605026245.117188
2605239868.164062
2605453491.210938
2605667114.257812
2605880737.304688
2606094360.351562
2606307983.398438
2606521606.445312
2606735229.492188
2606948852.539062
2607162475.585938
2607376098.632812
2607589721.679688
2607803344.726562
2608016967.773438
2608230590.820312
2608444213.867188
2608657836.914062
2608871459.960938
2609085083.007812
2609298706.054688
2609512329.101562
2609725952.148438
2609939575.195312
2610153198.242188
2610366821.289062
2610580444.335938
2610794067.382812
2611007690.429688
2611221313.476562
2611434936.523438
2611648559.570312
2611862182.617188
2612075805.664062
2612289428.710938
2612503051.757812
2612716674.804688
2612930297.851562
2613143920.898438
2613357543.945312
2613571166.992188
2613784790.039062
2613998413.085938
2614212036.132812
2614425659.179688
2614639282.226562
2614852905.273438
2615066528.320312
2615280151.367188
2615493774.414062
2615707397.460938
2615921020.507812
2616134643.554688
2616348266.601562
2616561889.648438
2616775512.695312
2616989135.742188
2617202758.789062
2617416381.835938
2617630004.882812
2617843627.929688
2618057250.976562
2618270874.023438
2618484497.070312
2618698120.117188
2618911743.164062
2619125366.210938
2619338989.257812
2619552612.304688
2619766235.351562
2619979858.398438
2620193481.445312
2620407104.492188
2620620727.539062
2620834350.585938
2621047973.632812
2621261596.679688
2621475219.726562
2621688842.773438
2621902465.820312
2622116088.867188
2622329711.914062
2622543334.960938
2622756958.007812
2622970581.054688
2623184204.101562
2623397827.148438
2623611450.195312
2623825073.242188
2624038696.289062
2624252319.335938
2624465942.382812
2624679565.429688
2624893188.476562
2625106811.523438
2625320434.570312
2625534057.617188
2625747680.664062
2625961303.710938
2626174926.757812
2626388549.804688
2626602172.851562
2626815795.898438
2627029418.945312
2627243041.992188
2627456665.039062
2627670288.085938
2627883911.132812
2628097534.179688
2628311157.226562
2628524780.273438
2628738403.320312
2628952026.367188
2629165649.414062
2629379272.460938
2629592895.507812
2629806518.554688
2630020141.601562
2630233764.648438
2630447387.695312
2630661010.742188
2630874633.789062
2631088256.835938
2631301879.882812
2631515502.929688
2631729125.976562
2631942749.023438
2632156372.070312
2632369995.117188
2632583618.164062
2632797241.210938
2633010864.257812
2633224487.304688
2633438110.351562
2633651733.398438
2633865356.445312
2634078979.492188
2634292602.539062
2634506225.585938
2634719848.632812
2634933471.679688
2635147094.726562
2635360717.773438
2635574340.820312
2635787963.867188
2636001586.914062
2636215209.960938
2636428833.007812
2636642456.054688
2636856079.101562
2637069702.148438
2637283325.195312
2637496948.242188
2637710571.289062
2637924194.335938
2638137817.382812
2638351440.429688
2638565063.476562
2638778686.523438
2638992309.570312
2639205932.617188
2639419555.664062
2639633178.710938
2639846801.757812
2640060424.804688
2640274047.851562
2640487670.898438
2640701293.945312
2640914916.992188
2641128540.039062
2641342163.085938
2641555786.132812
2641769409.179688
2641983032.226562
2642196655.273438
2642410278.320312
2642623901.367188
2642837524.414062
2643051147.460938
2643264770.507812
2643478393.554688
2643692016.601562
2643905639.648438
2644119262.695312
2644332885.742188
2644546508.789062
2644760131.835938
2644973754.882812
2645187377.929688
2645401000.976562
2645614624.023438
2645828247.070312
2646041870.117188
2646255493.164062
2646469116.210938
2646682739.257812
2646896362.304688
2647109985.351562
2647323608.398438
2647537231.445312
2647750854.492188
2647964477.539062
2648178100.585938
2648391723.632812
2648605346.679688
2648818969.726562
2649032592.773438
2649246215.820312
2649459838.867188
2649673461.914062
2649887084.960938
2650100708.007812
2650314331.054688
2650527954.101562
2650741577.148438
2650955200.195312
2651168823.242188
2651382446.289062
2651596069.335938
2651809692.382812
2652023315.429688
2652236938.476562
2652450561.523438
2652664184.570312
2652877807.617188
2653091430.664062
2653305053.710938
2653518676.757812
2653732299.804688
2653945922.851562
2654159545.898438
2654373168.945312
2654586791.992188
2654800415.039062
2655014038.085938
2655227661.132812
2655441284.179688
2655654907.226562
2655868530.273438
2656082153.320312
2656295776.367188
2656509399.414062
2656723022.460938
2656936645.507812
2657150268.554688
2657363891.601562
2657577514.648438
2657791137.695312
2658004760.742188
2658218383.789062
2658432006.835938
2658645629.882812
2658859252.929688
2659072875.976562
2659286499.023438
2659500122.070312
2659713745.117188
2659927368.164062
2660140991.210938
2660354614.257812
2660568237.304688
2660781860.351562
2660995483.398438
2661209106.445312
2661422729.492188
2661636352.539062
2661849975.585938
2662063598.632812
2662277221.679688
2662490844.726562
2662704467.773438
2662918090.820312
2663131713.867188
2663345336.914062
2663558959.960938
2663772583.007812
2663986206.054688
2664199829.101562
2664413452.148438
2664627075.195312
2664840698.242188
2665054321.289062
2665267944.335938
2665481567.382812
2665695190.429688
2665908813.476562
2666122436.523438
2666336059.570312
2666549682.617188
2666763305.664062
2666976928.710938
2667190551.757812
2667404174.804688
2667617797.851562
2667831420.898438
2668045043.945312
2668258666.992188
2668472290.039062
2668685913.085938
2668899536.132812
2669113159.179688
2669326782.226562
2669540405.273438
2669754028.320312
2669967651.367188
2670181274.414062
2670394897.460938
2670608520.507812
2670822143.554688
2671035766.601562
2671249389.648438
2671463012.695312
2671676635.742188
2671890258.789062
2672103881.835938
2672317504.882812
2672531127.929688
2672744750.976562
2672958374.023438
2673171997.070312
2673385620.117188
2673599243.164062
2673812866.210938
2674026489.257812
2674240112.304688
2674453735.351562
2674667358.398438
2674880981.445312
2675094604.492188
2675308227.539062
2675521850.585938
2675735473.632812
2675949096.679688
2676162719.726562
2676376342.773438
2676589965.820312
2676803588.867188
2677017211.914062
2677230834.960938
2677444458.007812
2677658081.054688
2677871704.101562
2678085327.148438
2678298950.195312
2678512573.242188
2678726196.289062
2678939819.335938
2679153442.382812
2679367065.429688
2679580688.476562
2679794311.523438
2680007934.570312
2680221557.617188
2680435180.664062
2680648803.710938
2680862426.757812
2681076049.804688
2681289672.851562
2681503295.898438
2681716918.945312
2681930541.992188
2682144165.039062
2682357788.085938
2682571411.132812
2682785034.179688
2682998657.226562
2683212280.273438
2683425903.320312
2683639526.367188
2683853149.414062
2684066772.460938
2684280395.507812
2684494018.554688
2684707641.601562
2684921264.648438
2685134887.695312
2685348510.742188
2685562133.789062
2685775756.835938
2685989379.882812
2686203002.929688
2686416625.976562
2686630249.023438
2686843872.070312
2687057495.117188
2687271118.164062
2687484741.210938
2687698364.257812
2687911987.304688
2688125610.351562
2688339233.398438
2688552856.445312
2688766479.492188
2688980102.539062
2689193725.585938
2689407348.632812
2689620971.679688
2689834594.726562
2690048217.773438
2690261840.820312
2690475463.867188
2690689086.914062
2690902709.960938
2691116333.007812
2691329956.054688
2691543579.101562
2691757202.148438
2691970825.195312
2692184448.242188
2692398071.289062
2692611694.335938
2692825317.382812
2693038940.429688
2693252563.476562
2693466186.523438
2693679809.570312
2693893432.617188
2694107055.664062
2694320678.710938
2694534301.757812
2694747924.804688
2694961547.851562
2695175170.898438
2695388793.945312
2695602416.992188
2695816040.039062
2696029663.085938
2696243286.132812
2696456909.179688
2696670532.226562
2696884155.273438
2697097778.320312
2697311401.367188
2697525024.414062
2697738647.460938
2697952270.507812
2698165893.554688
2698379516.601562
2698593139.648438
2698806762.695312
2699020385.742188
2699234008.789062
2699447631.835938
2699661254.882812
2699874877.929688
2700088500.976562
2700302124.023438
2700515747.070312
2700729370.117188
2700942993.164062
2701156616.210938
2701370239.257812
2701583862.304688
2701797485.351562
2702011108.398438
2702224731.445312
2702438354.492188
2702651977.539062
2702865600.585938
2703079223.632812
2703292846.679688
2703506469.726562
2703720092.773438
2703933715.820312
2704147338.867188
2704360961.914062
2704574584.960938
2704788208.007812
2705001831.054688
2705215454.101562
2705429077.148438
2705642700.195312
2705856323.242188
2706069946.289062
2706283569.335938
2706497192.382812
2706710815.429688
2706924438.476562
2707138061.523438
2707351684.570312
2707565307.617188
2707778930.664062
2707992553.710938
2708206176.757812
2708419799.804688
2708633422.851562
2708847045.898438
2709060668.945312
2709274291.992188
2709487915.039062
2709701538.085938
2709915161.132812
2710128784.179688
2710342407.226562
2710556030.273438
2710769653.320312
2710983276.367188
2711196899.414062
2711410522.460938
2711624145.507812
2711837768.554688
2712051391.601562
2712265014.648438
2712478637.695312
2712692260.742188
2712905883.789062
2713119506.835938
2713333129.882812
2713546752.929688
2713760375.976562
2713973999.023438
2714187622.070312
2714401245.117188
2714614868.164062
2714828491.210938
2715042114.257812
2715255737.304688
2715469360.351562
2715682983.398438
2715896606.445312
2716110229.492188
2716323852.539062
2716537475.585938
2716751098.632812
2716964721.679688
2717178344.726562
2717391967.773438
2717605590.820312
2717819213.867188
2718032836.914062
2718246459.960938
2718460083.007812
2718673706.054688
2718887329.101562
2719100952.148438
2719314575.195312
2719528198.242188
2719741821.289062
2719955444.335938
2720169067.382812
2720382690.429688
2720596313.476562
2720809936.523438
2721023559.570312
2721237182.617188
2721450805.664062
2721664428.710938
2721878051.757812
2722091674.804688
2722305297.851562
2722518920.898438
2722732543.945312
2722946166.992188
2723159790.039062
2723373413.085938
2723587036.132812
2723800659.179688
2724014282.226562
2724227905.273438
2724441528.320312
2724655151.367188
2724868774.414062
2725082397.460938
2725296020.507812
2725509643.554688
2725723266.601562
2725936889.648438
2726150512.695312
2726364135.742188
2726577758.789062
2726791381.835938
2727005004.882812
2727218627.929688
2727432250.976562
2727645874.023438
2727859497.070312
2728073120.117188
2728286743.164062
2728500366.210938
2728713989.257812
2728927612.304688
2729141235.351562
2729354858.398438
2729568481.445312
2729782104.492188
2729995727.539062
2730209350.585938
2730422973.632812
2730636596.679688
2730850219.726562
2731063842.773438
2731277465.820312
2731491088.867188
2731704711.914062
2731918334.960938
2732131958.007812
2732345581.054688
2732559204.101562
2732772827.148438
2732986450.195312
2733200073.242188
2733413696.289062
2733627319.335938
2733840942.382812
2734054565.429688
2734268188.476562
2734481811.523438
2734695434.570312
2734909057.617188
2735122680.664062
2735336303.710938
2735549926.757812
2735763549.804688
2735977172.851562
2736190795.898438
2736404418.945312
2736618041.992188
2736831665.039062
2737045288.085938
2737258911.132812
2737472534.179688
2737686157.226562
2737899780.273438
2738113403.320312
2738327026.367188
2738540649.414062
2738754272.460938
2738967895.507812
2739181518.554688
2739395141.601562
2739608764.648438
2739822387.695312
2740036010.742188
2740249633.789062
2740463256.835938
2740676879.882812
2740890502.929688
2741104125.976562
2741317749.023438
2741531372.070312
2741744995.117188
2741958618.164062
2742172241.210938
2742385864.257812
2742599487.304688
2742813110.351562
2743026733.398438
2743240356.445312
2743453979.492188
2743667602.539062
2743881225.585938
2744094848.632812
2744308471.679688
2744522094.726562
2744735717.773438
2744949340.820312
2745162963.867188
2745376586.914062
2745590209.960938
2745803833.007812
2746017456.054688
2746231079.101562
2746444702.148438
2746658325.195312
2746871948.242188
2747085571.289062
2747299194.335938
2747512817.382812
2747726440.429688
2747940063.476562
2748153686.523438
2748367309.570312
2748580932.617188
2748794555.664062
2749008178.710938
2749221801.757812
2749435424.804688
2749649047.851562
2749862670.898438
2750076293.945312
2750289916.992188
2750503540.039062
2750717163.085938
2750930786.132812
2751144409.179688
2751358032.226562
2751571655.273438
2751785278.320312
2751998901.367188
2752212524.414062
2752426147.460938
2752639770.507812
2752853393.554688
2753067016.601562
2753280639.648438
2753494262.695312
2753707885.742188
2753921508.789062
2754135131.835938
2754348754.882812
2754562377.929688
2754776000.976562
2754989624.023438
2755203247.070312
2755416870.117188
2755630493.164062
2755844116.210938
2756057739.257812
2756271362.304688
2756484985.351562
2756698608.398438
2756912231.445312
2757125854.492188
2757339477.539062
2757553100.585938
2757766723.632812
2757980346.679688
2758193969.726562
2758407592.773438
2758621215.820312
2758834838.867188
2759048461.914062
2759262084.960938
2759475708.007812
2759689331.054688
2759902954.101562
2760116577.148438
2760330200.195312
2760543823.242188
2760757446.289062
2760971069.335938
2761184692.382812
2761398315.429688
2761611938.476562
2761825561.523438
2762039184.570312
2762252807.617188
2762466430.664062
2762680053.710938
2762893676.757812
2763107299.804688
2763320922.851562
2763534545.898438
2763748168.945312
2763961791.992188
2764175415.039062
2764389038.085938
2764602661.132812
2764816284.179688
2765029907.226562
2765243530.273438
2765457153.320312
2765670776.367188
2765884399.414062
2766098022.460938
2766311645.507812
2766525268.554688
2766738891.601562
2766952514.648438
2767166137.695312
2767379760.742188
2767593383.789062
2767807006.835938
2768020629.882812
2768234252.929688
2768447875.976562
2768661499.023438
2768875122.070312
2769088745.117188
2769302368.164062
2769515991.210938
2769729614.257812
2769943237.304688
2770156860.351562
2770370483.398438
2770584106.445312
2770797729.492188
2771011352.539062
2771224975.585938
2771438598.632812
2771652221.679688
2771865844.726562
2772079467.773438
2772293090.820312
2772506713.867188
2772720336.914062
2772933959.960938
2773147583.007812
2773361206.054688
2773574829.101562
2773788452.148438
2774002075.195312
2774215698.242188
2774429321.289062
2774642944.335938
2774856567.382812
2775070190.429688
2775283813.476562
2775497436.523438
2775711059.570312
2775924682.617188
2776138305.664062
2776351928.710938
2776565551.757812
2776779174.804688
2776992797.851562
2777206420.898438
2777420043.945312
2777633666.992188
2777847290.039062
2778060913.085938
2778274536.132812
2778488159.179688
2778701782.226562
2778915405.273438
2779129028.320312
2779342651.367188
2779556274.414062
2779769897.460938
2779983520.507812
2780197143.554688
2780410766.601562
2780624389.648438
2780838012.695312
2781051635.742188
2781265258.789062
2781478881.835938
2781692504.882812
2781906127.929688
2782119750.976562
2782333374.023438
2782546997.070312
2782760620.117188
2782974243.164062
2783187866.210938
2783401489.257812
2783615112.304688
2783828735.351562
2784042358.398438
2784255981.445312
2784469604.492188
2784683227.539062
2784896850.585938
2785110473.632812
2785324096.679688
2785537719.726562
2785751342.773438
2785964965.820312
2786178588.867188
2786392211.914062
2786605834.960938
2786819458.007812
2787033081.054688
2787246704.101562
2787460327.148438
2787673950.195312
2787887573.242188
2788101196.289062
2788314819.335938
2788528442.382812
2788742065.429688
2788955688.476562
2789169311.523438
2789382934.570312
2789596557.617188
2789810180.664062
2790023803.710938
2790237426.757812
2790451049.804688
2790664672.851562
2790878295.898438
2791091918.945312
2791305541.992188
2791519165.039062
2791732788.085938
2791946411.132812
2792160034.179688
2792373657.226562
2792587280.273438
2792800903.320312
2793014526.367188
2793228149.414062
2793441772.460938
2793655395.507812
2793869018.554688
2794082641.601562
2794296264.648438
2794509887.695312
2794723510.742188
2794937133.789062
2795150756.835938
2795364379.882812
2795578002.929688
2795791625.976562
2796005249.023438
2796218872.070312
2796432495.117188
2796646118.164062
2796859741.210938
2797073364.257812
2797286987.304688
2797500610.351562
2797714233.398438
2797927856.445312
2798141479.492188
2798355102.539062
2798568725.585938
2798782348.632812
2798995971.679688
2799209594.726562
2799423217.773438
2799636840.820312
2799850463.867188
2800064086.914062
2800277709.960938
2800491333.007812
2800704956.054688
2800918579.101562
2801132202.148438
2801345825.195312
2801559448.242188
2801773071.289062
2801986694.335938
2802200317.382812
2802413940.429688
2802627563.476562
2802841186.523438
2803054809.570312
2803268432.617188
2803482055.664062
2803695678.710938
2803909301.757812
2804122924.804688
2804336547.851562
2804550170.898438
2804763793.945312
2804977416.992188
2805191040.039062
2805404663.085938
2805618286.132812
2805831909.179688
2806045532.226562
2806259155.273438
2806472778.320312
2806686401.367188
2806900024.414062
2807113647.460938
2807327270.507812
2807540893.554688
2807754516.601562
2807968139.648438
2808181762.695312
2808395385.742188
2808609008.789062
2808822631.835938
2809036254.882812
2809249877.929688
2809463500.976562
2809677124.023438
2809890747.070312
2810104370.117188
2810317993.164062
2810531616.210938
2810745239.257812
2810958862.304688
2811172485.351562
2811386108.398438
2811599731.445312
2811813354.492188
2812026977.539062
2812240600.585938
2812454223.632812
2812667846.679688
2812881469.726562
2813095092.773438
2813308715.820312
2813522338.867188
2813735961.914062
2813949584.960938
2814163208.007812
2814376831.054688
2814590454.101562
2814804077.148438
2815017700.195312
2815231323.242188
2815444946.289062
2815658569.335938
2815872192.382812
2816085815.429688
2816299438.476562
2816513061.523438
2816726684.570312
2816940307.617188
2817153930.664062
2817367553.710938
2817581176.757812
2817794799.804688
2818008422.851562
2818222045.898438
2818435668.945312
2818649291.992188
2818862915.039062
2819076538.085938
2819290161.132812
2819503784.179688
2819717407.226562
2819931030.273438
2820144653.320312
2820358276.367188
2820571899.414062
2820785522.460938
2820999145.507812
2821212768.554688
2821426391.601562
2821640014.648438
2821853637.695312
2822067260.742188
2822280883.789062
2822494506.835938
2822708129.882812
2822921752.929688
2823135375.976562
2823348999.023438
2823562622.070312
2823776245.117188
2823989868.164062
2824203491.210938
2824417114.257812
2824630737.304688
2824844360.351562
2825057983.398438
2825271606.445312
2825485229.492188
2825698852.539062
2825912475.585938
2826126098.632812
2826339721.679688
2826553344.726562
2826766967.773438
2826980590.820312
2827194213.867188
2827407836.914062
2827621459.960938
2827835083.007812
2828048706.054688
2828262329.101562
2828475952.148438
2828689575.195312
2828903198.242188
2829116821.289062
2829330444.335938
2829544067.382812
2829757690.429688
2829971313.476562
2830184936.523438
2830398559.570312
2830612182.617188
2830825805.664062
2831039428.710938
2831253051.757812
2831466674.804688
2831680297.851562
2831893920.898438
2832107543.945312
2832321166.992188
2832534790.039062
2832748413.085938
2832962036.132812
2833175659.179688
2833389282.226562
2833602905.273438
2833816528.320312
2834030151.367188
2834243774.414062
2834457397.460938
2834671020.507812
2834884643.554688
2835098266.601562
2835311889.648438
2835525512.695312
2835739135.742188
2835952758.789062
2836166381.835938
2836380004.882812
2836593627.929688
2836807250.976562
2837020874.023438
2837234497.070312
2837448120.117188
2837661743.164062
2837875366.210938
2838088989.257812
2838302612.304688
2838516235.351562
2838729858.398438
2838943481.445312
2839157104.492188
2839370727.539062
2839584350.585938
2839797973.632812
2840011596.679688
2840225219.726562
2840438842.773438
2840652465.820312
2840866088.867188
2841079711.914062
2841293334.960938
2841506958.007812
2841720581.054688
2841934204.101562
2842147827.148438
2842361450.195312
2842575073.242188
2842788696.289062
2843002319.335938
2843215942.382812
2843429565.429688
2843643188.476562
2843856811.523438
2844070434.570312
2844284057.617188
2844497680.664062
2844711303.710938
2844924926.757812
2845138549.804688
2845352172.851562
2845565795.898438
2845779418.945312
2845993041.992188
2846206665.039062
2846420288.085938
2846633911.132812
2846847534.179688
2847061157.226562
2847274780.273438
2847488403.320312
2847702026.367188
2847915649.414062
2848129272.460938
2848342895.507812
2848556518.554688
2848770141.601562
2848983764.648438
2849197387.695312
2849411010.742188
2849624633.789062
2849838256.835938
2850051879.882812
2850265502.929688
2850479125.976562
2850692749.023438
2850906372.070312
2851119995.117188
2851333618.164062
2851547241.210938
2851760864.257812
2851974487.304688
2852188110.351562
2852401733.398438
2852615356.445312
2852828979.492188
2853042602.539062
2853256225.585938
2853469848.632812
2853683471.679688
2853897094.726562
2854110717.773438
2854324340.820312
2854537963.867188
2854751586.914062
2854965209.960938
2855178833.007812
2855392456.054688
2855606079.101562
2855819702.148438
2856033325.195312
2856246948.242188
2856460571.289062
2856674194.335938
2856887817.382812
2857101440.429688
2857315063.476562
2857528686.523438
2857742309.570312
2857955932.617188
2858169555.664062
2858383178.710938
2858596801.757812
2858810424.804688
2859024047.851562
2859237670.898438
2859451293.945312
2859664916.992188
2859878540.039062
2860092163.085938
2860305786.132812
2860519409.179688
2860733032.226562
2860946655.273438
2861160278.320312
2861373901.367188
2861587524.414062
2861801147.460938
2862014770.507812
2862228393.554688
2862442016.601562
2862655639.648438
2862869262.695312
2863082885.742188
2863296508.789062
2863510131.835938
2863723754.882812
2863937377.929688
2864151000.976562
2864364624.023438
2864578247.070312
2864791870.117188
2865005493.164062
2865219116.210938
2865432739.257812
2865646362.304688
2865859985.351562
2866073608.398438
2866287231.445312
2866500854.492188
2866714477.539062
2866928100.585938
2867141723.632812
2867355346.679688
2867568969.726562
2867782592.773438
2867996215.820312
2868209838.867188
2868423461.914062
2868637084.960938
2868850708.007812
2869064331.054688
2869277954.101562
2869491577.148438
2869705200.195312
2869918823.242188
2870132446.289062
2870346069.335938
2870559692.382812
2870773315.429688
2870986938.476562
2871200561.523438
2871414184.570312
2871627807.617188
2871841430.664062
2872055053.710938
2872268676.757812
2872482299.804688
2872695922.851562
2872909545.898438
2873123168.945312
2873336791.992188
2873550415.039062
2873764038.085938
2873977661.132812
2874191284.179688
2874404907.226562
2874618530.273438
2874832153.320312
2875045776.367188
2875259399.414062
2875473022.460938
2875686645.507812
2875900268.554688
2876113891.601562
2876327514.648438
2876541137.695312
2876754760.742188
2876968383.789062
2877182006.835938
2877395629.882812
2877609252.929688
2877822875.976562
2878036499.023438
2878250122.070312
2878463745.117188
2878677368.164062
2878890991.210938
2879104614.257812
2879318237.304688
2879531860.351562
2879745483.398438
2879959106.445312
2880172729.492188
2880386352.539062
2880599975.585938
2880813598.632812
2881027221.679688
2881240844.726562
2881454467.773438
2881668090.820312
2881881713.867188
2882095336.914062
2882308959.960938
2882522583.007812
2882736206.054688
2882949829.101562
2883163452.148438
2883377075.195312
2883590698.242188
2883804321.289062
2884017944.335938
2884231567.382812
2884445190.429688
2884658813.476562
2884872436.523438
2885086059.570312
2885299682.617188
2885513305.664062
2885726928.710938
2885940551.757812
2886154174.804688
2886367797.851562
2886581420.898438
2886795043.945312
2887008666.992188
2887222290.039062
2887435913.085938
2887649536.132812
2887863159.179688
2888076782.226562
2888290405.273438
2888504028.320312
2888717651.367188
2888931274.414062
2889144897.460938
2889358520.507812
2889572143.554688
2889785766.601562
2889999389.648438
2890213012.695312
2890426635.742188
2890640258.789062
2890853881.835938
2891067504.882812
2891281127.929688
2891494750.976562
2891708374.023438
2891921997.070312
2892135620.117188
2892349243.164062
2892562866.210938
2892776489.257812
2892990112.304688
2893203735.351562
2893417358.398438
2893630981.445312
2893844604.492188
2894058227.539062
2894271850.585938
2894485473.632812
2894699096.679688
2894912719.726562
2895126342.773438
2895339965.820312
2895553588.867188
2895767211.914062
2895980834.960938
2896194458.007812
2896408081.054688
2896621704.101562
2896835327.148438
2897048950.195312
2897262573.242188
2897476196.289062
2897689819.335938
2897903442.382812
2898117065.429688
2898330688.476562
2898544311.523438
2898757934.570312
2898971557.617188
2899185180.664062
2899398803.710938
2899612426.757812
2899826049.804688
2900039672.851562
2900253295.898438
2900466918.945312
2900680541.992188
2900894165.039062
2901107788.085938
2901321411.132812
2901535034.179688
2901748657.226562
2901962280.273438
2902175903.320312
2902389526.367188
2902603149.414062
2902816772.460938
2903030395.507812
2903244018.554688
2903457641.601562
2903671264.648438
2903884887.695312
2904098510.742188
2904312133.789062
2904525756.835938
2904739379.882812
2904953002.929688
2905166625.976562
2905380249.023438
2905593872.070312
2905807495.117188
2906021118.164062
2906234741.210938
2906448364.257812
2906661987.304688
2906875610.351562
2907089233.398438
2907302856.445312
2907516479.492188
2907730102.539062
2907943725.585938
2908157348.632812
2908370971.679688
2908584594.726562
2908798217.773438
2909011840.820312
2909225463.867188
2909439086.914062
2909652709.960938
2909866333.007812
2910079956.054688
2910293579.101562
2910507202.148438
2910720825.195312
2910934448.242188
2911148071.289062
2911361694.335938
2911575317.382812
2911788940.429688
2912002563.476562
2912216186.523438
2912429809.570312
2912643432.617188
2912857055.664062
2913070678.710938
2913284301.757812
2913497924.804688
2913711547.851562
2913925170.898438
2914138793.945312
2914352416.992188
2914566040.039062
2914779663.085938
2914993286.132812
2915206909.179688
2915420532.226562
2915634155.273438
2915847778.320312
2916061401.367188
2916275024.414062
2916488647.460938
2916702270.507812
2916915893.554688
2917129516.601562
2917343139.648438
2917556762.695312
2917770385.742188
2917984008.789062
2918197631.835938
2918411254.882812
2918624877.929688
2918838500.976562
2919052124.023438
2919265747.070312
2919479370.117188
2919692993.164062
2919906616.210938
2920120239.257812
2920333862.304688
2920547485.351562
2920761108.398438
2920974731.445312
2921188354.492188
2921401977.539062
2921615600.585938
2921829223.632812
2922042846.679688
2922256469.726562
2922470092.773438
2922683715.820312
2922897338.867188
2923110961.914062
2923324584.960938
2923538208.007812
2923751831.054688
2923965454.101562
2924179077.148438
2924392700.195312
2924606323.242188
2924819946.289062
2925033569.335938
2925247192.382812
2925460815.429688
2925674438.476562
2925888061.523438
2926101684.570312
2926315307.617188
2926528930.664062
2926742553.710938
2926956176.757812
2927169799.804688
2927383422.851562
2927597045.898438
2927810668.945312
2928024291.992188
2928237915.039062
2928451538.085938
2928665161.132812
2928878784.179688
2929092407.226562
2929306030.273438
2929519653.320312
2929733276.367188
2929946899.414062
2930160522.460938
2930374145.507812
2930587768.554688
2930801391.601562
2931015014.648438
2931228637.695312
2931442260.742188
2931655883.789062
2931869506.835938
2932083129.882812
2932296752.929688
2932510375.976562
2932723999.023438
2932937622.070312
2933151245.117188
2933364868.164062
2933578491.210938
2933792114.257812
2934005737.304688
2934219360.351562
2934432983.398438
2934646606.445312
2934860229.492188
2935073852.539062
2935287475.585938
2935501098.632812
2935714721.679688
2935928344.726562
2936141967.773438
2936355590.820312
2936569213.867188
2936782836.914062
2936996459.960938
2937210083.007812
2937423706.054688
2937637329.101562
2937850952.148438
2938064575.195312
2938278198.242188
2938491821.289062
2938705444.335938
2938919067.382812
2939132690.429688
2939346313.476562
2939559936.523438
2939773559.570312
2939987182.617188
2940200805.664062
2940414428.710938
2940628051.757812
2940841674.804688
2941055297.851562
2941268920.898438
2941482543.945312
2941696166.992188
2941909790.039062
2942123413.085938
2942337036.132812
2942550659.179688
2942764282.226562
2942977905.273438
2943191528.320312
2943405151.367188
2943618774.414062
2943832397.460938
2944046020.507812
2944259643.554688
2944473266.601562
2944686889.648438
2944900512.695312
2945114135.742188
2945327758.789062
2945541381.835938
2945755004.882812
2945968627.929688
2946182250.976562
2946395874.023438
2946609497.070312
2946823120.117188
2947036743.164062
2947250366.210938
2947463989.257812
2947677612.304688
2947891235.351562
2948104858.398438
2948318481.445312
2948532104.492188
2948745727.539062
2948959350.585938
2949172973.632812
2949386596.679688
2949600219.726562
2949813842.773438
2950027465.820312
2950241088.867188
2950454711.914062
2950668334.960938
2950881958.007812
2951095581.054688
2951309204.101562
2951522827.148438
2951736450.195312
2951950073.242188
2952163696.289062
2952377319.335938
2952590942.382812
2952804565.429688
2953018188.476562
2953231811.523438
2953445434.570312
2953659057.617188
2953872680.664062
2954086303.710938
2954299926.757812
2954513549.804688
2954727172.851562
2954940795.898438
2955154418.945312
2955368041.992188
2955581665.039062
2955795288.085938
2956008911.132812
2956222534.179688
2956436157.226562
2956649780.273438
2956863403.320312
2957077026.367188
2957290649.414062
2957504272.460938
2957717895.507812
2957931518.554688
2958145141.601562
2958358764.648438
2958572387.695312
2958786010.742188
2958999633.789062
2959213256.835938
2959426879.882812
2959640502.929688
2959854125.976562
2960067749.023438
2960281372.070312
2960494995.117188
2960708618.164062
2960922241.210938
2961135864.257812
2961349487.304688
2961563110.351562
2961776733.398438
2961990356.445312
2962203979.492188
2962417602.539062
2962631225.585938
2962844848.632812
2963058471.679688
2963272094.726562
2963485717.773438
2963699340.820312
2963912963.867188
2964126586.914062
2964340209.960938
2964553833.007812
2964767456.054688
2964981079.101562
2965194702.148438
2965408325.195312
2965621948.242188
2965835571.289062
2966049194.335938
2966262817.382812
2966476440.429688
2966690063.476562
2966903686.523438
2967117309.570312
2967330932.617188
2967544555.664062
2967758178.710938
2967971801.757812
2968185424.804688
2968399047.851562
2968612670.898438
2968826293.945312
2969039916.992188
2969253540.039062
2969467163.085938
2969680786.132812
2969894409.179688
2970108032.226562
2970321655.273438
2970535278.320312
2970748901.367188
2970962524.414062
2971176147.460938
2971389770.507812
2971603393.554688
2971817016.601562
2972030639.648438
2972244262.695312
2972457885.742188
2972671508.789062
2972885131.835938
2973098754.882812
2973312377.929688
2973526000.976562
2973739624.023438
2973953247.070312
2974166870.117188
2974380493.164062
2974594116.210938
2974807739.257812
2975021362.304688
2975234985.351562
2975448608.398438
2975662231.445312
2975875854.492188
2976089477.539062
2976303100.585938
2976516723.632812
2976730346.679688
2976943969.726562
2977157592.773438
2977371215.820312
2977584838.867188
2977798461.914062
2978012084.960938
2978225708.007812
2978439331.054688
2978652954.101562
2978866577.148438
2979080200.195312
2979293823.242188
2979507446.289062
2979721069.335938
2979934692.382812
2980148315.429688
2980361938.476562
2980575561.523438
2980789184.570312
2981002807.617188
2981216430.664062
2981430053.710938
2981643676.757812
2981857299.804688
2982070922.851562
2982284545.898438
2982498168.945312
2982711791.992188
2982925415.039062
2983139038.085938
2983352661.132812
2983566284.179688
2983779907.226562
2983993530.273438
2984207153.320312
2984420776.367188
2984634399.414062
2984848022.460938
2985061645.507812
2985275268.554688
2985488891.601562
2985702514.648438
2985916137.695312
2986129760.742188
2986343383.789062
2986557006.835938
2986770629.882812
2986984252.929688
2987197875.976562
2987411499.023438
2987625122.070312
2987838745.117188
2988052368.164062
2988265991.210938
2988479614.257812
2988693237.304688
2988906860.351562
2989120483.398438
2989334106.445312
2989547729.492188
2989761352.539062
2989974975.585938
2990188598.632812
2990402221.679688
2990615844.726562
2990829467.773438
2991043090.820312
2991256713.867188
2991470336.914062
2991683959.960938
2991897583.007812
2992111206.054688
2992324829.101562
2992538452.148438
2992752075.195312
2992965698.242188
2993179321.289062
2993392944.335938
2993606567.382812
2993820190.429688
2994033813.476562
2994247436.523438
2994461059.570312
2994674682.617188
2994888305.664062
2995101928.710938
2995315551.757812
2995529174.804688
2995742797.851562
2995956420.898438
2996170043.945312
2996383666.992188
2996597290.039062
2996810913.085938
2997024536.132812
2997238159.179688
2997451782.226562
2997665405.273438
2997879028.320312
2998092651.367188
2998306274.414062
2998519897.460938
2998733520.507812
2998947143.554688
2999160766.601562
2999374389.648438
2999588012.695312
2999801635.742188
3000015258.789062
3000228881.835938
3000442504.882812
3000656127.929688
3000869750.976562
3001083374.023438
3001296997.070312
3001510620.117188
3001724243.164062
3001937866.210938
3002151489.257812
3002365112.304688
3002578735.351562
3002792358.398438
3003005981.445312
3003219604.492188
3003433227.539062
3003646850.585938
3003860473.632812
3004074096.679688
3004287719.726562
3004501342.773438
3004714965.820312
3004928588.867188
3005142211.914062
3005355834.960938
3005569458.007812
3005783081.054688
3005996704.101562
3006210327.148438
3006423950.195312
3006637573.242188
3006851196.289062
3007064819.335938
3007278442.382812
3007492065.429688
3007705688.476562
3007919311.523438
3008132934.570312
3008346557.617188
3008560180.664062
3008773803.710938
3008987426.757812
3009201049.804688
3009414672.851562
3009628295.898438
3009841918.945312
3010055541.992188
3010269165.039062
3010482788.085938
3010696411.132812
3010910034.179688
3011123657.226562
3011337280.273438
3011550903.320312
3011764526.367188
3011978149.414062
3012191772.460938
3012405395.507812
3012619018.554688
3012832641.601562
3013046264.648438
3013259887.695312
3013473510.742188
3013687133.789062
3013900756.835938
3014114379.882812
3014328002.929688
3014541625.976562
3014755249.023438
3014968872.070312
3015182495.117188
3015396118.164062
3015609741.210938
3015823364.257812
3016036987.304688
3016250610.351562
3016464233.398438
3016677856.445312
3016891479.492188
3017105102.539062
3017318725.585938
3017532348.632812
3017745971.679688
3017959594.726562
3018173217.773438
3018386840.820312
3018600463.867188
3018814086.914062
3019027709.960938
3019241333.007812
3019454956.054688
3019668579.101562
3019882202.148438
3020095825.195312
3020309448.242188
3020523071.289062
3020736694.335938
3020950317.382812
3021163940.429688
3021377563.476562
3021591186.523438
3021804809.570312
3022018432.617188
3022232055.664062
3022445678.710938
3022659301.757812
3022872924.804688
3023086547.851562
3023300170.898438
3023513793.945312
3023727416.992188
3023941040.039062
3024154663.085938
3024368286.132812
3024581909.179688
3024795532.226562
3025009155.273438
3025222778.320312
3025436401.367188
3025650024.414062
3025863647.460938
3026077270.507812
3026290893.554688
3026504516.601562
3026718139.648438
3026931762.695312
3027145385.742188
3027359008.789062
3027572631.835938
3027786254.882812
3027999877.929688
3028213500.976562
3028427124.023438
3028640747.070312
3028854370.117188
3029067993.164062
3029281616.210938
3029495239.257812
3029708862.304688
3029922485.351562
3030136108.398438
3030349731.445312
3030563354.492188
3030776977.539062
3030990600.585938
3031204223.632812
3031417846.679688
3031631469.726562
3031845092.773438
3032058715.820312
3032272338.867188
3032485961.914062
3032699584.960938
3032913208.007812
3033126831.054688
3033340454.101562
3033554077.148438
3033767700.195312
3033981323.242188
3034194946.289062
3034408569.335938
3034622192.382812
3034835815.429688
3035049438.476562
3035263061.523438
3035476684.570312
3035690307.617188
3035903930.664062
3036117553.710938
3036331176.757812
3036544799.804688
3036758422.851562
3036972045.898438
3037185668.945312
3037399291.992188
3037612915.039062
3037826538.085938
3038040161.132812
3038253784.179688
3038467407.226562
3038681030.273438
3038894653.320312
3039108276.367188
3039321899.414062
3039535522.460938
3039749145.507812
3039962768.554688
3040176391.601562
3040390014.648438
3040603637.695312
3040817260.742188
3041030883.789062
3041244506.835938
3041458129.882812
3041671752.929688
3041885375.976562
3042098999.023438
3042312622.070312
3042526245.117188
3042739868.164062
3042953491.210938
3043167114.257812
3043380737.304688
3043594360.351562
3043807983.398438
3044021606.445312
3044235229.492188
3044448852.539062
3044662475.585938
3044876098.632812
3045089721.679688
3045303344.726562
3045516967.773438
3045730590.820312
3045944213.867188
3046157836.914062
3046371459.960938
3046585083.007812
3046798706.054688
3047012329.101562
3047225952.148438
3047439575.195312
3047653198.242188
3047866821.289062
3048080444.335938
3048294067.382812
3048507690.429688
3048721313.476562
3048934936.523438
3049148559.570312
3049362182.617188
3049575805.664062
3049789428.710938
3050003051.757812
3050216674.804688
3050430297.851562
3050643920.898438
3050857543.945312
3051071166.992188
3051284790.039062
3051498413.085938
3051712036.132812
3051925659.179688
3052139282.226562
3052352905.273438
3052566528.320312
3052780151.367188
3052993774.414062
3053207397.460938
3053421020.507812
3053634643.554688
3053848266.601562
3054061889.648438
3054275512.695312
3054489135.742188
3054702758.789062
3054916381.835938
3055130004.882812
3055343627.929688
3055557250.976562
3055770874.023438
3055984497.070312
3056198120.117188
3056411743.164062
3056625366.210938
3056838989.257812
3057052612.304688
3057266235.351562
3057479858.398438
3057693481.445312
3057907104.492188
3058120727.539062
3058334350.585938
3058547973.632812
3058761596.679688
3058975219.726562
3059188842.773438
3059402465.820312
3059616088.867188
3059829711.914062
3060043334.960938
3060256958.007812
3060470581.054688
3060684204.101562
3060897827.148438
3061111450.195312
3061325073.242188
3061538696.289062
3061752319.335938
3061965942.382812
3062179565.429688
3062393188.476562
3062606811.523438
3062820434.570312
3063034057.617188
3063247680.664062
3063461303.710938
3063674926.757812
3063888549.804688
3064102172.851562
3064315795.898438
3064529418.945312
3064743041.992188
3064956665.039062
3065170288.085938
3065383911.132812
3065597534.179688
3065811157.226562
3066024780.273438
3066238403.320312
3066452026.367188
3066665649.414062
3066879272.460938
3067092895.507812
3067306518.554688
3067520141.601562
3067733764.648438
3067947387.695312
3068161010.742188
3068374633.789062
3068588256.835938
3068801879.882812
3069015502.929688
3069229125.976562
3069442749.023438
3069656372.070312
3069869995.117188
3070083618.164062
3070297241.210938
3070510864.257812
3070724487.304688
3070938110.351562
3071151733.398438
3071365356.445312
3071578979.492188
3071792602.539062
3072006225.585938
3072219848.632812
3072433471.679688
3072647094.726562
3072860717.773438
3073074340.820312
3073287963.867188
3073501586.914062
3073715209.960938
3073928833.007812
3074142456.054688
3074356079.101562
3074569702.148438
3074783325.195312
3074996948.242188
3075210571.289062
3075424194.335938
3075637817.382812
3075851440.429688
3076065063.476562
3076278686.523438
3076492309.570312
3076705932.617188
3076919555.664062
3077133178.710938
3077346801.757812
3077560424.804688
3077774047.851562
3077987670.898438
3078201293.945312
3078414916.992188
3078628540.039062
3078842163.085938
3079055786.132812
3079269409.179688
3079483032.226562
3079696655.273438
3079910278.320312
3080123901.367188
3080337524.414062
3080551147.460938
3080764770.507812
3080978393.554688
3081192016.601562
3081405639.648438
3081619262.695312
3081832885.742188
3082046508.789062
3082260131.835938
3082473754.882812
3082687377.929688
3082901000.976562
3083114624.023438
3083328247.070312
3083541870.117188
3083755493.164062
3083969116.210938
3084182739.257812
3084396362.304688
3084609985.351562
3084823608.398438
3085037231.445312
3085250854.492188
3085464477.539062
3085678100.585938
3085891723.632812
3086105346.679688
3086318969.726562
3086532592.773438
3086746215.820312
3086959838.867188
3087173461.914062
3087387084.960938
3087600708.007812
3087814331.054688
3088027954.101562
3088241577.148438
3088455200.195312
3088668823.242188
3088882446.289062
3089096069.335938
3089309692.382812
3089523315.429688
3089736938.476562
3089950561.523438
3090164184.570312
3090377807.617188
3090591430.664062
3090805053.710938
3091018676.757812
3091232299.804688
3091445922.851562
3091659545.898438
3091873168.945312
3092086791.992188
3092300415.039062
3092514038.085938
3092727661.132812
3092941284.179688
3093154907.226562
3093368530.273438
3093582153.320312
3093795776.367188
3094009399.414062
3094223022.460938
3094436645.507812
3094650268.554688
3094863891.601562
3095077514.648438
3095291137.695312
3095504760.742188
3095718383.789062
3095932006.835938
3096145629.882812
3096359252.929688
3096572875.976562
3096786499.023438
3097000122.070312
3097213745.117188
3097427368.164062
3097640991.210938
3097854614.257812
3098068237.304688
3098281860.351562
3098495483.398438
3098709106.445312
3098922729.492188
3099136352.539062
3099349975.585938
3099563598.632812
3099777221.679688
3099990844.726562
3100204467.773438
3100418090.820312
3100631713.867188
3100845336.914062
3101058959.960938
3101272583.007812
3101486206.054688
3101699829.101562
3101913452.148438
3102127075.195312
3102340698.242188
3102554321.289062
3102767944.335938
3102981567.382812
3103195190.429688
3103408813.476562
3103622436.523438
3103836059.570312
3104049682.617188
3104263305.664062
3104476928.710938
3104690551.757812
3104904174.804688
3105117797.851562
3105331420.898438
3105545043.945312
3105758666.992188
3105972290.039062
3106185913.085938
3106399536.132812
3106613159.179688
3106826782.226562
3107040405.273438
3107254028.320312
3107467651.367188
3107681274.414062
3107894897.460938
3108108520.507812
3108322143.554688
3108535766.601562
3108749389.648438
3108963012.695312
3109176635.742188
3109390258.789062
3109603881.835938
3109817504.882812
3110031127.929688
3110244750.976562
3110458374.023438
3110671997.070312
3110885620.117188
3111099243.164062
3111312866.210938
3111526489.257812
3111740112.304688
3111953735.351562
3112167358.398438
3112380981.445312
3112594604.492188
3112808227.539062
3113021850.585938
3113235473.632812
3113449096.679688
3113662719.726562
3113876342.773438
3114089965.820312
3114303588.867188
3114517211.914062
3114730834.960938
3114944458.007812
3115158081.054688
3115371704.101562
3115585327.148438
3115798950.195312
3116012573.242188
3116226196.289062
3116439819.335938
3116653442.382812
3116867065.429688
3117080688.476562
3117294311.523438
3117507934.570312
3117721557.617188
3117935180.664062
3118148803.710938
3118362426.757812
3118576049.804688
3118789672.851562
3119003295.898438
3119216918.945312
3119430541.992188
3119644165.039062
3119857788.085938
3120071411.132812
3120285034.179688
3120498657.226562
3120712280.273438
3120925903.320312
3121139526.367188
3121353149.414062
3121566772.460938
3121780395.507812
3121994018.554688
3122207641.601562
3122421264.648438
3122634887.695312
3122848510.742188
3123062133.789062
3123275756.835938
3123489379.882812
3123703002.929688
3123916625.976562
3124130249.023438
3124343872.070312
3124557495.117188
3124771118.164062
3124984741.210938
3125198364.257812
3125411987.304688
3125625610.351562
3125839233.398438
3126052856.445312
3126266479.492188
3126480102.539062
3126693725.585938
3126907348.632812
3127120971.679688
3127334594.726562
3127548217.773438
3127761840.820312
3127975463.867188
3128189086.914062
3128402709.960938
3128616333.007812
3128829956.054688
3129043579.101562
3129257202.148438
3129470825.195312
3129684448.242188
3129898071.289062
3130111694.335938
3130325317.382812
3130538940.429688
3130752563.476562
3130966186.523438
3131179809.570312
3131393432.617188
3131607055.664062
3131820678.710938
3132034301.757812
3132247924.804688
3132461547.851562
3132675170.898438
3132888793.945312
3133102416.992188
3133316040.039062
3133529663.085938
3133743286.132812
3133956909.179688
3134170532.226562
3134384155.273438
3134597778.320312
3134811401.367188
3135025024.414062
3135238647.460938
3135452270.507812
3135665893.554688
3135879516.601562
3136093139.648438
3136306762.695312
3136520385.742188
3136734008.789062
3136947631.835938
3137161254.882812
3137374877.929688
3137588500.976562
3137802124.023438
3138015747.070312
3138229370.117188
3138442993.164062
3138656616.210938
3138870239.257812
3139083862.304688
3139297485.351562
3139511108.398438
3139724731.445312
3139938354.492188
3140151977.539062
3140365600.585938
3140579223.632812
3140792846.679688
3141006469.726562
3141220092.773438
3141433715.820312
3141647338.867188
3141860961.914062
3142074584.960938
3142288208.007812
3142501831.054688
3142715454.101562
3142929077.148438
3143142700.195312
3143356323.242188
3143569946.289062
3143783569.335938
3143997192.382812
3144210815.429688
3144424438.476562
3144638061.523438
3144851684.570312
3145065307.617188
3145278930.664062
3145492553.710938
3145706176.757812
3145919799.804688
3146133422.851562
3146347045.898438
3146560668.945312
3146774291.992188
3146987915.039062
3147201538.085938
3147415161.132812
3147628784.179688
3147842407.226562
3148056030.273438
3148269653.320312
3148483276.367188
3148696899.414062
3148910522.460938
3149124145.507812
3149337768.554688
3149551391.601562
3149765014.648438
3149978637.695312
3150192260.742188
3150405883.789062
3150619506.835938
3150833129.882812
3151046752.929688
3151260375.976562
3151473999.023438
3151687622.070312
3151901245.117188
3152114868.164062
3152328491.210938
3152542114.257812
3152755737.304688
3152969360.351562
3153182983.398438
3153396606.445312
3153610229.492188
3153823852.539062
3154037475.585938
3154251098.632812
3154464721.679688
3154678344.726562
3154891967.773438
3155105590.820312
3155319213.867188
3155532836.914062
3155746459.960938
3155960083.007812
3156173706.054688
3156387329.101562
3156600952.148438
3156814575.195312
3157028198.242188
3157241821.289062
3157455444.335938
3157669067.382812
3157882690.429688
3158096313.476562
3158309936.523438
3158523559.570312
3158737182.617188
3158950805.664062
3159164428.710938
3159378051.757812
3159591674.804688
3159805297.851562
3160018920.898438
3160232543.945312
3160446166.992188
3160659790.039062
3160873413.085938
3161087036.132812
3161300659.179688
3161514282.226562
3161727905.273438
3161941528.320312
3162155151.367188
3162368774.414062
3162582397.460938
3162796020.507812
3163009643.554688
3163223266.601562
3163436889.648438
3163650512.695312
3163864135.742188
3164077758.789062
3164291381.835938
3164505004.882812
3164718627.929688
3164932250.976562
3165145874.023438
3165359497.070312
3165573120.117188
3165786743.164062
3166000366.210938
3166213989.257812
3166427612.304688
3166641235.351562
3166854858.398438
3167068481.445312
3167282104.492188
3167495727.539062
3167709350.585938
3167922973.632812
3168136596.679688
3168350219.726562
3168563842.773438
3168777465.820312
3168991088.867188
3169204711.914062
3169418334.960938
3169631958.007812
3169845581.054688
3170059204.101562
3170272827.148438
3170486450.195312
3170700073.242188
3170913696.289062
3171127319.335938
3171340942.382812
3171554565.429688
3171768188.476562
3171981811.523438
3172195434.570312
3172409057.617188
3172622680.664062
3172836303.710938
3173049926.757812
3173263549.804688
3173477172.851562
3173690795.898438
3173904418.945312
3174118041.992188
3174331665.039062
3174545288.085938
3174758911.132812
3174972534.179688
3175186157.226562
3175399780.273438
3175613403.320312
3175827026.367188
3176040649.414062
3176254272.460938
3176467895.507812
3176681518.554688
3176895141.601562
3177108764.648438
3177322387.695312
3177536010.742188
3177749633.789062
3177963256.835938
3178176879.882812
3178390502.929688
3178604125.976562
3178817749.023438
3179031372.070312
3179244995.117188
3179458618.164062
3179672241.210938
3179885864.257812
3180099487.304688
3180313110.351562
3180526733.398438
3180740356.445312
3180953979.492188
3181167602.539062
3181381225.585938
3181594848.632812
3181808471.679688
3182022094.726562
3182235717.773438
3182449340.820312
3182662963.867188
3182876586.914062
3183090209.960938
3183303833.007812
3183517456.054688
3183731079.101562
3183944702.148438
3184158325.195312
3184371948.242188
3184585571.289062
3184799194.335938
3185012817.382812
3185226440.429688
3185440063.476562
3185653686.523438
3185867309.570312
3186080932.617188
3186294555.664062
3186508178.710938
3186721801.757812
3186935424.804688
3187149047.851562
3187362670.898438
3187576293.945312
3187789916.992188
3188003540.039062
3188217163.085938
3188430786.132812
3188644409.179688
3188858032.226562
3189071655.273438
3189285278.320312
3189498901.367188
3189712524.414062
3189926147.460938
3190139770.507812
3190353393.554688
3190567016.601562
3190780639.648438
3190994262.695312
3191207885.742188
3191421508.789062
3191635131.835938
3191848754.882812
3192062377.929688
3192276000.976562
3192489624.023438
3192703247.070312
3192916870.117188
3193130493.164062
3193344116.210938
3193557739.257812
3193771362.304688
3193984985.351562
3194198608.398438
3194412231.445312
3194625854.492188
3194839477.539062
3195053100.585938
3195266723.632812
3195480346.679688
3195693969.726562
3195907592.773438
3196121215.820312
3196334838.867188
3196548461.914062
3196762084.960938
3196975708.007812
3197189331.054688
3197402954.101562
3197616577.148438
3197830200.195312
3198043823.242188
3198257446.289062
3198471069.335938
3198684692.382812
3198898315.429688
3199111938.476562
3199325561.523438
3199539184.570312
3199752807.617188
3199966430.664062
3200180053.710938
3200393676.757812
3200607299.804688
3200820922.851562
3201034545.898438
3201248168.945312
3201461791.992188
3201675415.039062
3201889038.085938
3202102661.132812
3202316284.179688
3202529907.226562
3202743530.273438
3202957153.320312
3203170776.367188
3203384399.414062
3203598022.460938
3203811645.507812
3204025268.554688
3204238891.601562
3204452514.648438
3204666137.695312
3204879760.742188
3205093383.789062
3205307006.835938
3205520629.882812
3205734252.929688
3205947875.976562
3206161499.023438
3206375122.070312
3206588745.117188
3206802368.164062
3207015991.210938
3207229614.257812
3207443237.304688
3207656860.351562
3207870483.398438
3208084106.445312
3208297729.492188
3208511352.539062
3208724975.585938
3208938598.632812
3209152221.679688
3209365844.726562
3209579467.773438
3209793090.820312
3210006713.867188
3210220336.914062
3210433959.960938
3210647583.007812
3210861206.054688
3211074829.101562
3211288452.148438
3211502075.195312
3211715698.242188
3211929321.289062
3212142944.335938
3212356567.382812
3212570190.429688
3212783813.476562
3212997436.523438
3213211059.570312
3213424682.617188
3213638305.664062
3213851928.710938
3214065551.757812
3214279174.804688
3214492797.851562
3214706420.898438
3214920043.945312
3215133666.992188
3215347290.039062
3215560913.085938
3215774536.132812
3215988159.179688
3216201782.226562
3216415405.273438
3216629028.320312
3216842651.367188
3217056274.414062
3217269897.460938
3217483520.507812
3217697143.554688
3217910766.601562
3218124389.648438
3218338012.695312
3218551635.742188
3218765258.789062
3218978881.835938
3219192504.882812
3219406127.929688
3219619750.976562
3219833374.023438
3220046997.070312
3220260620.117188
3220474243.164062
3220687866.210938
3220901489.257812
3221115112.304688
3221328735.351562
3221542358.398438
3221755981.445312
3221969604.492188
3222183227.539062
3222396850.585938
3222610473.632812
3222824096.679688
3223037719.726562
3223251342.773438
3223464965.820312
3223678588.867188
3223892211.914062
3224105834.960938
3224319458.007812
3224533081.054688
3224746704.101562
3224960327.148438
3225173950.195312
3225387573.242188
3225601196.289062
3225814819.335938
3226028442.382812
3226242065.429688
3226455688.476562
3226669311.523438
3226882934.570312
3227096557.617188
3227310180.664062
3227523803.710938
3227737426.757812
3227951049.804688
3228164672.851562
3228378295.898438
3228591918.945312
3228805541.992188
3229019165.039062
3229232788.085938
3229446411.132812
3229660034.179688
3229873657.226562
3230087280.273438
3230300903.320312
3230514526.367188
3230728149.414062
3230941772.460938
3231155395.507812
3231369018.554688
3231582641.601562
3231796264.648438
3232009887.695312
3232223510.742188
3232437133.789062
3232650756.835938
3232864379.882812
3233078002.929688
3233291625.976562
3233505249.023438
3233718872.070312
3233932495.117188
3234146118.164062
3234359741.210938
3234573364.257812
3234786987.304688
3235000610.351562
3235214233.398438
3235427856.445312
3235641479.492188
3235855102.539062
3236068725.585938
3236282348.632812
3236495971.679688
3236709594.726562
3236923217.773438
3237136840.820312
3237350463.867188
3237564086.914062
3237777709.960938
3237991333.007812
3238204956.054688
3238418579.101562
3238632202.148438
3238845825.195312
3239059448.242188
3239273071.289062
3239486694.335938
3239700317.382812
3239913940.429688
3240127563.476562
3240341186.523438
3240554809.570312
3240768432.617188
3240982055.664062
3241195678.710938
3241409301.757812
3241622924.804688
3241836547.851562
3242050170.898438
3242263793.945312
3242477416.992188
3242691040.039062
3242904663.085938
3243118286.132812
3243331909.179688
3243545532.226562
3243759155.273438
3243972778.320312
3244186401.367188
3244400024.414062
3244613647.460938
3244827270.507812
3245040893.554688
3245254516.601562
3245468139.648438
3245681762.695312
3245895385.742188
3246109008.789062
3246322631.835938
3246536254.882812
3246749877.929688
3246963500.976562
3247177124.023438
3247390747.070312
3247604370.117188
3247817993.164062
3248031616.210938
3248245239.257812
3248458862.304688
3248672485.351562
3248886108.398438
3249099731.445312
3249313354.492188
3249526977.539062
3249740600.585938
3249954223.632812
3250167846.679688
3250381469.726562
3250595092.773438
3250808715.820312
3251022338.867188
3251235961.914062
3251449584.960938
3251663208.007812
3251876831.054688
3252090454.101562
3252304077.148438
3252517700.195312
3252731323.242188
3252944946.289062
3253158569.335938
3253372192.382812
3253585815.429688
3253799438.476562
3254013061.523438
3254226684.570312
3254440307.617188
3254653930.664062
3254867553.710938
3255081176.757812
3255294799.804688
3255508422.851562
3255722045.898438
3255935668.945312
3256149291.992188
3256362915.039062
3256576538.085938
3256790161.132812
3257003784.179688
3257217407.226562
3257431030.273438
3257644653.320312
3257858276.367188
3258071899.414062
3258285522.460938
3258499145.507812
3258712768.554688
3258926391.601562
3259140014.648438
3259353637.695312
3259567260.742188
3259780883.789062
3259994506.835938
3260208129.882812
3260421752.929688
3260635375.976562
3260848999.023438
3261062622.070312
3261276245.117188
3261489868.164062
3261703491.210938
3261917114.257812
3262130737.304688
3262344360.351562
3262557983.398438
3262771606.445312
3262985229.492188
3263198852.539062
3263412475.585938
3263626098.632812
3263839721.679688
3264053344.726562
3264266967.773438
3264480590.820312
3264694213.867188
3264907836.914062
3265121459.960938
3265335083.007812
3265548706.054688
3265762329.101562
3265975952.148438
3266189575.195312
3266403198.242188
3266616821.289062
3266830444.335938
3267044067.382812
3267257690.429688
3267471313.476562
3267684936.523438
3267898559.570312
3268112182.617188
3268325805.664062
3268539428.710938
3268753051.757812
3268966674.804688
3269180297.851562
3269393920.898438
3269607543.945312
3269821166.992188
3270034790.039062
3270248413.085938
3270462036.132812
3270675659.179688
3270889282.226562
3271102905.273438
3271316528.320312
3271530151.367188
3271743774.414062
3271957397.460938
3272171020.507812
3272384643.554688
3272598266.601562
3272811889.648438
3273025512.695312
3273239135.742188
3273452758.789062
3273666381.835938
3273880004.882812
3274093627.929688
3274307250.976562
3274520874.023438
3274734497.070312
3274948120.117188
3275161743.164062
3275375366.210938
3275588989.257812
3275802612.304688
3276016235.351562
3276229858.398438
3276443481.445312
3276657104.492188
3276870727.539062
3277084350.585938
3277297973.632812
3277511596.679688
3277725219.726562
3277938842.773438
3278152465.820312
3278366088.867188
3278579711.914062
3278793334.960938
3279006958.007812
3279220581.054688
3279434204.101562
3279647827.148438
3279861450.195312
3280075073.242188
3280288696.289062
3280502319.335938
3280715942.382812
3280929565.429688
3281143188.476562
