544066406.250000
544199218.750000
544332031.250000
544464843.750000
544597656.250000
544730468.750000
544863281.250000
544996093.750000
545128906.250000
545261718.750000
545394531.250000
545527343.750000
545660156.250000
545792968.750000
545925781.250000
546058593.750000
546191406.250000
546324218.750000
546457031.250000
546589843.750000
546722656.250000
546855468.750000
546988281.250000
547121093.750000
547253906.250000
547386718.750000
547519531.250000
547652343.750000
547785156.250000
547917968.750000
548050781.250000
548183593.750000
548316406.250000
548449218.750000
548582031.250000
548714843.750000
548847656.250000
548980468.750000
549113281.250000
549246093.750000
549378906.250000
549511718.750000
549644531.250000
549777343.750000
549910156.250000
550042968.750000
550175781.250000
550308593.750000
550441406.250000
550574218.750000
550707031.250000
550839843.750000
550972656.250000
551105468.750000
551238281.250000
551371093.750000
551503906.250000
551636718.750000
551769531.250000
551902343.750000
552035156.250000
552167968.750000
552300781.250000
552433593.750000
552566406.250000
552699218.750000
552832031.250000
552964843.750000
553097656.250000
553230468.750000
553363281.250000
553496093.750000
553628906.250000
553761718.750000
553894531.250000
554027343.750000
554160156.250000
554292968.750000
554425781.250000
554558593.750000
554691406.250000
554824218.750000
554957031.250000
555089843.750000
555222656.250000
555355468.750000
555488281.250000
555621093.750000
555753906.250000
555886718.750000
556019531.250000
556152343.750000
556285156.250000
556417968.750000
556550781.250000
556683593.750000
556816406.250000
556949218.750000
557082031.250000
557214843.750000
557347656.250000
557480468.750000
557613281.250000
557746093.750000
557878906.250000
558011718.750000
558144531.250000
558277343.750000
558410156.250000
558542968.750000
558675781.250000
558808593.750000
558941406.250000
559074218.750000
559207031.250000
559339843.750000
559472656.250000
559605468.750000
559738281.250000
559871093.750000
560003906.250000
560136718.750000
560269531.250000
560402343.750000
560535156.250000
560667968.750000
560800781.250000
560933593.750000
561066406.250000
561199218.750000
561332031.250000
561464843.750000
561597656.250000
561730468.750000
561863281.250000
561996093.750000
562128906.250000
562261718.750000
562394531.250000
562527343.750000
562660156.250000
562792968.750000
562925781.250000
563058593.750000
563191406.250000
563324218.750000
563457031.250000
563589843.750000
563722656.250000
563855468.750000
563988281.250000
564121093.750000
564253906.250000
564386718.750000
564519531.250000
564652343.750000
564785156.250000
564917968.750000
565050781.250000
565183593.750000
565316406.250000
565449218.750000
565582031.250000
565714843.750000
565847656.250000
565980468.750000
566113281.250000
566246093.750000
566378906.250000
566511718.750000
566644531.250000
566777343.750000
566910156.250000
567042968.750000
567175781.250000
567308593.750000
567441406.250000
567574218.750000
567707031.250000
567839843.750000
567972656.250000
568105468.750000
568238281.250000
568371093.750000
568503906.250000
568636718.750000
568769531.250000
568902343.750000
569035156.250000
569167968.750000
569300781.250000
569433593.750000
569566406.250000
569699218.750000
569832031.250000
569964843.750000
570097656.250000
570230468.750000
570363281.250000
570496093.750000
570628906.250000
570761718.750000
570894531.250000
571027343.750000
571160156.250000
571292968.750000
571425781.250000
571558593.750000
571691406.250000
571824218.750000
571957031.250000
572089843.750000
572222656.250000
572355468.750000
572488281.250000
572621093.750000
572753906.250000
572886718.750000
573019531.250000
573152343.750000
573285156.250000
573417968.750000
573550781.250000
573683593.750000
573816406.250000
573949218.750000
574082031.250000
574214843.750000
574347656.250000
574480468.750000
574613281.250000
574746093.750000
574878906.250000
575011718.750000
575144531.250000
575277343.750000
575410156.250000
575542968.750000
575675781.250000
575808593.750000
575941406.250000
576074218.750000
576207031.250000
576339843.750000
576472656.250000
576605468.750000
576738281.250000
576871093.750000
577003906.250000
577136718.750000
577269531.250000
577402343.750000
577535156.250000
577667968.750000
577800781.250000
577933593.750000
578066406.250000
578199218.750000
578332031.250000
578464843.750000
578597656.250000
578730468.750000
578863281.250000
578996093.750000
579128906.250000
579261718.750000
579394531.250000
579527343.750000
579660156.250000
579792968.750000
579925781.250000
580058593.750000
580191406.250000
580324218.750000
580457031.250000
580589843.750000
580722656.250000
580855468.750000
580988281.250000
581121093.750000
581253906.250000
581386718.750000
581519531.250000
581652343.750000
581785156.250000
581917968.750000
582050781.250000
582183593.750000
582316406.250000
582449218.750000
582582031.250000
582714843.750000
582847656.250000
582980468.750000
583113281.250000
583246093.750000
583378906.250000
583511718.750000
583644531.250000
583777343.750000
583910156.250000
584042968.750000
584175781.250000
584308593.750000
584441406.250000
584574218.750000
584707031.250000
584839843.750000
584972656.250000
585105468.750000
585238281.250000
585371093.750000
585503906.250000
585636718.750000
585769531.250000
585902343.750000
586035156.250000
586167968.750000
586300781.250000
586433593.750000
586566406.250000
586699218.750000
586832031.250000
586964843.750000
587097656.250000
587230468.750000
587363281.250000
587496093.750000
587628906.250000
587761718.750000
587894531.250000
588027343.750000
588160156.250000
588292968.750000
588425781.250000
588558593.750000
588691406.250000
588824218.750000
588957031.250000
589089843.750000
589222656.250000
589355468.750000
589488281.250000
589621093.750000
589753906.250000
589886718.750000
590019531.250000
590152343.750000
590285156.250000
590417968.750000
590550781.250000
590683593.750000
590816406.250000
590949218.750000
591082031.250000
591214843.750000
591347656.250000
591480468.750000
591613281.250000
591746093.750000
591878906.250000
592011718.750000
592144531.250000
592277343.750000
592410156.250000
592542968.750000
592675781.250000
592808593.750000
592941406.250000
593074218.750000
593207031.250000
593339843.750000
593472656.250000
593605468.750000
593738281.250000
593871093.750000
594003906.250000
594136718.750000
594269531.250000
594402343.750000
594535156.250000
594667968.750000
594800781.250000
594933593.750000
595066406.250000
595199218.750000
595332031.250000
595464843.750000
595597656.250000
595730468.750000
595863281.250000
595996093.750000
596128906.250000
596261718.750000
596394531.250000
596527343.750000
596660156.250000
596792968.750000
596925781.250000
597058593.750000
597191406.250000
597324218.750000
597457031.250000
597589843.750000
597722656.250000
597855468.750000
597988281.250000
598121093.750000
598253906.250000
598386718.750000
598519531.250000
598652343.750000
598785156.250000
598917968.750000
599050781.250000
599183593.750000
599316406.250000
599449218.750000
599582031.250000
599714843.750000
599847656.250000
599980468.750000
600113281.250000
600246093.750000
600378906.250000
600511718.750000
600644531.250000
600777343.750000
600910156.250000
601042968.750000
601175781.250000
601308593.750000
601441406.250000
601574218.750000
601707031.250000
601839843.750000
601972656.250000
602105468.750000
602238281.250000
602371093.750000
602503906.250000
602636718.750000
602769531.250000
602902343.750000
603035156.250000
603167968.750000
603300781.250000
603433593.750000
603566406.250000
603699218.750000
603832031.250000
603964843.750000
604097656.250000
604230468.750000
604363281.250000
604496093.750000
604628906.250000
604761718.750000
604894531.250000
605027343.750000
605160156.250000
605292968.750000
605425781.250000
605558593.750000
605691406.250000
605824218.750000
605957031.250000
606089843.750000
606222656.250000
606355468.750000
606488281.250000
606621093.750000
606753906.250000
606886718.750000
607019531.250000
607152343.750000
607285156.250000
607417968.750000
607550781.250000
607683593.750000
607816406.250000
607949218.750000
608082031.250000
608214843.750000
608347656.250000
608480468.750000
608613281.250000
608746093.750000
608878906.250000
609011718.750000
609144531.250000
609277343.750000
609410156.250000
609542968.750000
609675781.250000
609808593.750000
609941406.250000
610074218.750000
610207031.250000
610339843.750000
610472656.250000
610605468.750000
610738281.250000
610871093.750000
611003906.250000
611136718.750000
611269531.250000
611402343.750000
611535156.250000
611667968.750000
611800781.250000
611933593.750000
612066406.250000
612199218.750000
612332031.250000
612464843.750000
612597656.250000
612730468.750000
612863281.250000
612996093.750000
613128906.250000
613261718.750000
613394531.250000
613527343.750000
613660156.250000
613792968.750000
613925781.250000
614058593.750000
614191406.250000
614324218.750000
614457031.250000
614589843.750000
614722656.250000
614855468.750000
614988281.250000
615121093.750000
615253906.250000
615386718.750000
615519531.250000
615652343.750000
615785156.250000
615917968.750000
616050781.250000
616183593.750000
616316406.250000
616449218.750000
616582031.250000
616714843.750000
616847656.250000
616980468.750000
617113281.250000
617246093.750000
617378906.250000
617511718.750000
617644531.250000
617777343.750000
617910156.250000
618042968.750000
618175781.250000
618308593.750000
618441406.250000
618574218.750000
618707031.250000
618839843.750000
618972656.250000
619105468.750000
619238281.250000
619371093.750000
619503906.250000
619636718.750000
619769531.250000
619902343.750000
620035156.250000
620167968.750000
620300781.250000
620433593.750000
620566406.250000
620699218.750000
620832031.250000
620964843.750000
621097656.250000
621230468.750000
621363281.250000
621496093.750000
621628906.250000
621761718.750000
621894531.250000
622027343.750000
622160156.250000
622292968.750000
622425781.250000
622558593.750000
622691406.250000
622824218.750000
622957031.250000
623089843.750000
623222656.250000
623355468.750000
623488281.250000
623621093.750000
623753906.250000
623886718.750000
624019531.250000
624152343.750000
624285156.250000
624417968.750000
624550781.250000
624683593.750000
624816406.250000
624949218.750000
625082031.250000
625214843.750000
625347656.250000
625480468.750000
625613281.250000
625746093.750000
625878906.250000
626011718.750000
626144531.250000
626277343.750000
626410156.250000
626542968.750000
626675781.250000
626808593.750000
626941406.250000
627074218.750000
627207031.250000
627339843.750000
627472656.250000
627605468.750000
627738281.250000
627871093.750000
628003906.250000
628136718.750000
628269531.250000
628402343.750000
628535156.250000
628667968.750000
628800781.250000
628933593.750000
629066406.250000
629199218.750000
629332031.250000
629464843.750000
629597656.250000
629730468.750000
629863281.250000
629996093.750000
630128906.250000
630261718.750000
630394531.250000
630527343.750000
630660156.250000
630792968.750000
630925781.250000
631058593.750000
631191406.250000
631324218.750000
631457031.250000
631589843.750000
631722656.250000
631855468.750000
631988281.250000
632121093.750000
632253906.250000
632386718.750000
632519531.250000
632652343.750000
632785156.250000
632917968.750000
633050781.250000
633183593.750000
633316406.250000
633449218.750000
633582031.250000
633714843.750000
633847656.250000
633980468.750000
634113281.250000
634246093.750000
634378906.250000
634511718.750000
634644531.250000
634777343.750000
634910156.250000
635042968.750000
635175781.250000
635308593.750000
635441406.250000
635574218.750000
635707031.250000
635839843.750000
635972656.250000
636105468.750000
636238281.250000
636371093.750000
636503906.250000
636636718.750000
636769531.250000
636902343.750000
637035156.250000
637167968.750000
637300781.250000
637433593.750000
637566406.250000
637699218.750000
637832031.250000
637964843.750000
638097656.250000
638230468.750000
638363281.250000
638496093.750000
638628906.250000
638761718.750000
638894531.250000
639027343.750000
639160156.250000
639292968.750000
639425781.250000
639558593.750000
639691406.250000
639824218.750000
639957031.250000
640089843.750000
640222656.250000
640355468.750000
640488281.250000
640621093.750000
640753906.250000
640886718.750000
641019531.250000
641152343.750000
641285156.250000
641417968.750000
641550781.250000
641683593.750000
641816406.250000
641949218.750000
642082031.250000
642214843.750000
642347656.250000
642480468.750000
642613281.250000
642746093.750000
642878906.250000
643011718.750000
643144531.250000
643277343.750000
643410156.250000
643542968.750000
643675781.250000
643808593.750000
643941406.250000
644074218.750000
644207031.250000
644339843.750000
644472656.250000
644605468.750000
644738281.250000
644871093.750000
645003906.250000
645136718.750000
645269531.250000
645402343.750000
645535156.250000
645667968.750000
645800781.250000
645933593.750000
646066406.250000
646199218.750000
646332031.250000
646464843.750000
646597656.250000
646730468.750000
646863281.250000
646996093.750000
647128906.250000
647261718.750000
647394531.250000
647527343.750000
647660156.250000
647792968.750000
647925781.250000
648058593.750000
648191406.250000
648324218.750000
648457031.250000
648589843.750000
648722656.250000
648855468.750000
648988281.250000
649121093.750000
649253906.250000
649386718.750000
649519531.250000
649652343.750000
649785156.250000
649917968.750000
650050781.250000
650183593.750000
650316406.250000
650449218.750000
650582031.250000
650714843.750000
650847656.250000
650980468.750000
651113281.250000
651246093.750000
651378906.250000
651511718.750000
651644531.250000
651777343.750000
651910156.250000
652042968.750000
652175781.250000
652308593.750000
652441406.250000
652574218.750000
652707031.250000
652839843.750000
652972656.250000
653105468.750000
653238281.250000
653371093.750000
653503906.250000
653636718.750000
653769531.250000
653902343.750000
654035156.250000
654167968.750000
654300781.250000
654433593.750000
654566406.250000
654699218.750000
654832031.250000
654964843.750000
655097656.250000
655230468.750000
655363281.250000
655496093.750000
655628906.250000
655761718.750000
655894531.250000
656027343.750000
656160156.250000
656292968.750000
656425781.250000
656558593.750000
656691406.250000
656824218.750000
656957031.250000
657089843.750000
657222656.250000
657355468.750000
657488281.250000
657621093.750000
657753906.250000
657886718.750000
658019531.250000
658152343.750000
658285156.250000
658417968.750000
658550781.250000
658683593.750000
658816406.250000
658949218.750000
659082031.250000
659214843.750000
659347656.250000
659480468.750000
659613281.250000
659746093.750000
659878906.250000
660011718.750000
660144531.250000
660277343.750000
660410156.250000
660542968.750000
660675781.250000
660808593.750000
660941406.250000
661074218.750000
661207031.250000
661339843.750000
661472656.250000
661605468.750000
661738281.250000
661871093.750000
662003906.250000
662136718.750000
662269531.250000
662402343.750000
662535156.250000
662667968.750000
662800781.250000
662933593.750000
663066406.250000
663199218.750000
663332031.250000
663464843.750000
663597656.250000
663730468.750000
663863281.250000
663996093.750000
664128906.250000
664261718.750000
664394531.250000
664527343.750000
664660156.250000
664792968.750000
664925781.250000
665058593.750000
665191406.250000
665324218.750000
665457031.250000
665589843.750000
665722656.250000
665855468.750000
665988281.250000
666121093.750000
666253906.250000
666386718.750000
666519531.250000
666652343.750000
666785156.250000
666917968.750000
667050781.250000
667183593.750000
667316406.250000
667449218.750000
667582031.250000
667714843.750000
667847656.250000
667980468.750000
668113281.250000
668246093.750000
668378906.250000
668511718.750000
668644531.250000
668777343.750000
668910156.250000
669042968.750000
669175781.250000
669308593.750000
669441406.250000
669574218.750000
669707031.250000
669839843.750000
669972656.250000
670105468.750000
670238281.250000
670371093.750000
670503906.250000
670636718.750000
670769531.250000
670902343.750000
671035156.250000
671167968.750000
671300781.250000
671433593.750000
671566406.250000
671699218.750000
671832031.250000
671964843.750000
672097656.250000
672230468.750000
672363281.250000
672496093.750000
672628906.250000
672761718.750000
672894531.250000
673027343.750000
673160156.250000
673292968.750000
673425781.250000
673558593.750000
673691406.250000
673824218.750000
673957031.250000
674089843.750000
674222656.250000
674355468.750000
674488281.250000
674621093.750000
674753906.250000
674886718.750000
675019531.250000
675152343.750000
675285156.250000
675417968.750000
675550781.250000
675683593.750000
675816406.250000
675949218.750000
676082031.250000
676214843.750000
676347656.250000
676480468.750000
676613281.250000
676746093.750000
676878906.250000
677011718.750000
677144531.250000
677277343.750000
677410156.250000
677542968.750000
677675781.250000
677808593.750000
677941406.250000
678074218.750000
678207031.250000
678339843.750000
678472656.250000
678605468.750000
678738281.250000
678871093.750000
679003906.250000
679136718.750000
679269531.250000
679402343.750000
679535156.250000
679667968.750000
679800781.250000
679933593.750000
680066406.250000
680199218.750000
680332031.250000
680464843.750000
680597656.250000
680730468.750000
680863281.250000
680996093.750000
681128906.250000
681261718.750000
681394531.250000
681527343.750000
681660156.250000
681792968.750000
681925781.250000
682058593.750000
682191406.250000
682324218.750000
682457031.250000
682589843.750000
682722656.250000
682855468.750000
682988281.250000
683121093.750000
683253906.250000
683386718.750000
683519531.250000
683652343.750000
683785156.250000
683917968.750000
684050781.250000
684183593.750000
684316406.250000
684449218.750000
684582031.250000
684714843.750000
684847656.250000
684980468.750000
685113281.250000
685246093.750000
685378906.250000
685511718.750000
685644531.250000
685777343.750000
685910156.250000
686042968.750000
686175781.250000
686308593.750000
686441406.250000
686574218.750000
686707031.250000
686839843.750000
686972656.250000
687105468.750000
687238281.250000
687371093.750000
687503906.250000
687636718.750000
687769531.250000
687902343.750000
688035156.250000
688167968.750000
688300781.250000
688433593.750000
688566406.250000
688699218.750000
688832031.250000
688964843.750000
689097656.250000
689230468.750000
689363281.250000
689496093.750000
689628906.250000
689761718.750000
689894531.250000
690027343.750000
690160156.250000
690292968.750000
690425781.250000
690558593.750000
690691406.250000
690824218.750000
690957031.250000
691089843.750000
691222656.250000
691355468.750000
691488281.250000
691621093.750000
691753906.250000
691886718.750000
692019531.250000
692152343.750000
692285156.250000
692417968.750000
692550781.250000
692683593.750000
692816406.250000
692949218.750000
693082031.250000
693214843.750000
693347656.250000
693480468.750000
693613281.250000
693746093.750000
693878906.250000
694011718.750000
694144531.250000
694277343.750000
694410156.250000
694542968.750000
694675781.250000
694808593.750000
694941406.250000
695074218.750000
695207031.250000
695339843.750000
695472656.250000
695605468.750000
695738281.250000
695871093.750000
696003906.250000
696136718.750000
696269531.250000
696402343.750000
696535156.250000
696667968.750000
696800781.250000
696933593.750000
697066406.250000
697199218.750000
697332031.250000
697464843.750000
697597656.250000
697730468.750000
697863281.250000
697996093.750000
698128906.250000
698261718.750000
698394531.250000
698527343.750000
698660156.250000
698792968.750000
698925781.250000
699058593.750000
699191406.250000
699324218.750000
699457031.250000
699589843.750000
699722656.250000
699855468.750000
699988281.250000
700121093.750000
700253906.250000
700386718.750000
700519531.250000
700652343.750000
700785156.250000
700917968.750000
701050781.250000
701183593.750000
701316406.250000
701449218.750000
701582031.250000
701714843.750000
701847656.250000
701980468.750000
702113281.250000
702246093.750000
702378906.250000
702511718.750000
702644531.250000
702777343.750000
702910156.250000
703042968.750000
703175781.250000
703308593.750000
703441406.250000
703574218.750000
703707031.250000
703839843.750000
703972656.250000
704105468.750000
704238281.250000
704371093.750000
704503906.250000
704636718.750000
704769531.250000
704902343.750000
705035156.250000
705167968.750000
705300781.250000
705433593.750000
705566406.250000
705699218.750000
705832031.250000
705964843.750000
706097656.250000
706230468.750000
706363281.250000
706496093.750000
706628906.250000
706761718.750000
706894531.250000
707027343.750000
707160156.250000
707292968.750000
707425781.250000
707558593.750000
707691406.250000
707824218.750000
707957031.250000
708089843.750000
708222656.250000
708355468.750000
708488281.250000
708621093.750000
708753906.250000
708886718.750000
709019531.250000
709152343.750000
709285156.250000
709417968.750000
709550781.250000
709683593.750000
709816406.250000
709949218.750000
710082031.250000
710214843.750000
710347656.250000
710480468.750000
710613281.250000
710746093.750000
710878906.250000
711011718.750000
711144531.250000
711277343.750000
711410156.250000
711542968.750000
711675781.250000
711808593.750000
711941406.250000
712074218.750000
712207031.250000
712339843.750000
712472656.250000
712605468.750000
712738281.250000
712871093.750000
713003906.250000
713136718.750000
713269531.250000
713402343.750000
713535156.250000
713667968.750000
713800781.250000
713933593.750000
714066406.250000
714199218.750000
714332031.250000
714464843.750000
714597656.250000
714730468.750000
714863281.250000
714996093.750000
715128906.250000
715261718.750000
715394531.250000
715527343.750000
715660156.250000
715792968.750000
715925781.250000
716058593.750000
716191406.250000
716324218.750000
716457031.250000
716589843.750000
716722656.250000
716855468.750000
716988281.250000
717121093.750000
717253906.250000
717386718.750000
717519531.250000
717652343.750000
717785156.250000
717917968.750000
718050781.250000
718183593.750000
718316406.250000
718449218.750000
718582031.250000
718714843.750000
718847656.250000
718980468.750000
719113281.250000
719246093.750000
719378906.250000
719511718.750000
719644531.250000
719777343.750000
719910156.250000
720042968.750000
720175781.250000
720308593.750000
720441406.250000
720574218.750000
720707031.250000
720839843.750000
720972656.250000
721105468.750000
721238281.250000
721371093.750000
721503906.250000
721636718.750000
721769531.250000
721902343.750000
722035156.250000
722167968.750000
722300781.250000
722433593.750000
722566406.250000
722699218.750000
722832031.250000
722964843.750000
723097656.250000
723230468.750000
723363281.250000
723496093.750000
723628906.250000
723761718.750000
723894531.250000
724027343.750000
724160156.250000
724292968.750000
724425781.250000
724558593.750000
724691406.250000
724824218.750000
724957031.250000
725089843.750000
725222656.250000
725355468.750000
725488281.250000
725621093.750000
725753906.250000
725886718.750000
726019531.250000
726152343.750000
726285156.250000
726417968.750000
726550781.250000
726683593.750000
726816406.250000
726949218.750000
727082031.250000
727214843.750000
727347656.250000
727480468.750000
727613281.250000
727746093.750000
727878906.250000
728011718.750000
728144531.250000
728277343.750000
728410156.250000
728542968.750000
728675781.250000
728808593.750000
728941406.250000
729074218.750000
729207031.250000
729339843.750000
729472656.250000
729605468.750000
729738281.250000
729871093.750000
730003906.250000
730136718.750000
730269531.250000
730402343.750000
730535156.250000
730667968.750000
730800781.250000
730933593.750000
731066406.250000
731199218.750000
731332031.250000
731464843.750000
731597656.250000
731730468.750000
731863281.250000
731996093.750000
732128906.250000
732261718.750000
732394531.250000
732527343.750000
732660156.250000
732792968.750000
732925781.250000
733058593.750000
733191406.250000
733324218.750000
733457031.250000
733589843.750000
733722656.250000
733855468.750000
733988281.250000
734121093.750000
734253906.250000
734386718.750000
734519531.250000
734652343.750000
734785156.250000
734917968.750000
735050781.250000
735183593.750000
735316406.250000
735449218.750000
735582031.250000
735714843.750000
735847656.250000
735980468.750000
736113281.250000
736246093.750000
736378906.250000
736511718.750000
736644531.250000
736777343.750000
736910156.250000
737042968.750000
737175781.250000
737308593.750000
737441406.250000
737574218.750000
737707031.250000
737839843.750000
737972656.250000
738105468.750000
738238281.250000
738371093.750000
738503906.250000
738636718.750000
738769531.250000
738902343.750000
739035156.250000
739167968.750000
739300781.250000
739433593.750000
739566406.250000
739699218.750000
739832031.250000
739964843.750000
740097656.250000
740230468.750000
740363281.250000
740496093.750000
740628906.250000
740761718.750000
740894531.250000
741027343.750000
741160156.250000
741292968.750000
741425781.250000
741558593.750000
741691406.250000
741824218.750000
741957031.250000
742089843.750000
742222656.250000
742355468.750000
742488281.250000
742621093.750000
742753906.250000
742886718.750000
743019531.250000
743152343.750000
743285156.250000
743417968.750000
743550781.250000
743683593.750000
743816406.250000
743949218.750000
744082031.250000
744214843.750000
744347656.250000
744480468.750000
744613281.250000
744746093.750000
744878906.250000
745011718.750000
745144531.250000
745277343.750000
745410156.250000
745542968.750000
745675781.250000
745808593.750000
745941406.250000
746074218.750000
746207031.250000
746339843.750000
746472656.250000
746605468.750000
746738281.250000
746871093.750000
747003906.250000
747136718.750000
747269531.250000
747402343.750000
747535156.250000
747667968.750000
747800781.250000
747933593.750000
748066406.250000
748199218.750000
748332031.250000
748464843.750000
748597656.250000
748730468.750000
748863281.250000
748996093.750000
749128906.250000
749261718.750000
749394531.250000
749527343.750000
749660156.250000
749792968.750000
749925781.250000
750058593.750000
750191406.250000
750324218.750000
750457031.250000
750589843.750000
750722656.250000
750855468.750000
750988281.250000
751121093.750000
751253906.250000
751386718.750000
751519531.250000
751652343.750000
751785156.250000
751917968.750000
752050781.250000
752183593.750000
752316406.250000
752449218.750000
752582031.250000
752714843.750000
752847656.250000
752980468.750000
753113281.250000
753246093.750000
753378906.250000
753511718.750000
753644531.250000
753777343.750000
753910156.250000
754042968.750000
754175781.250000
754308593.750000
754441406.250000
754574218.750000
754707031.250000
754839843.750000
754972656.250000
755105468.750000
755238281.250000
755371093.750000
755503906.250000
755636718.750000
755769531.250000
755902343.750000
756035156.250000
756167968.750000
756300781.250000
756433593.750000
756566406.250000
756699218.750000
756832031.250000
756964843.750000
757097656.250000
757230468.750000
757363281.250000
757496093.750000
757628906.250000
757761718.750000
757894531.250000
758027343.750000
758160156.250000
758292968.750000
758425781.250000
758558593.750000
758691406.250000
758824218.750000
758957031.250000
759089843.750000
759222656.250000
759355468.750000
759488281.250000
759621093.750000
759753906.250000
759886718.750000
760019531.250000
760152343.750000
760285156.250000
760417968.750000
760550781.250000
760683593.750000
760816406.250000
760949218.750000
761082031.250000
761214843.750000
761347656.250000
761480468.750000
761613281.250000
761746093.750000
761878906.250000
762011718.750000
762144531.250000
762277343.750000
762410156.250000
762542968.750000
762675781.250000
762808593.750000
762941406.250000
763074218.750000
763207031.250000
763339843.750000
763472656.250000
763605468.750000
763738281.250000
763871093.750000
764003906.250000
764136718.750000
764269531.250000
764402343.750000
764535156.250000
764667968.750000
764800781.250000
764933593.750000
765066406.250000
765199218.750000
765332031.250000
765464843.750000
765597656.250000
765730468.750000
765863281.250000
765996093.750000
766128906.250000
766261718.750000
766394531.250000
766527343.750000
766660156.250000
766792968.750000
766925781.250000
767058593.750000
767191406.250000
767324218.750000
767457031.250000
767589843.750000
767722656.250000
767855468.750000
767988281.250000
768121093.750000
768253906.250000
768386718.750000
768519531.250000
768652343.750000
768785156.250000
768917968.750000
769050781.250000
769183593.750000
769316406.250000
769449218.750000
769582031.250000
769714843.750000
769847656.250000
769980468.750000
770113281.250000
770246093.750000
770378906.250000
770511718.750000
770644531.250000
770777343.750000
770910156.250000
771042968.750000
771175781.250000
771308593.750000
771441406.250000
771574218.750000
771707031.250000
771839843.750000
771972656.250000
772105468.750000
772238281.250000
772371093.750000
772503906.250000
772636718.750000
772769531.250000
772902343.750000
773035156.250000
773167968.750000
773300781.250000
773433593.750000
773566406.250000
773699218.750000
773832031.250000
773964843.750000
774097656.250000
774230468.750000
774363281.250000
774496093.750000
774628906.250000
774761718.750000
774894531.250000
775027343.750000
775160156.250000
775292968.750000
775425781.250000
775558593.750000
775691406.250000
775824218.750000
775957031.250000
776089843.750000
776222656.250000
776355468.750000
776488281.250000
776621093.750000
776753906.250000
776886718.750000
777019531.250000
777152343.750000
777285156.250000
777417968.750000
777550781.250000
777683593.750000
777816406.250000
777949218.750000
778082031.250000
778214843.750000
778347656.250000
778480468.750000
778613281.250000
778746093.750000
778878906.250000
779011718.750000
779144531.250000
779277343.750000
779410156.250000
779542968.750000
779675781.250000
779808593.750000
779941406.250000
780074218.750000
780207031.250000
780339843.750000
780472656.250000
780605468.750000
780738281.250000
780871093.750000
781003906.250000
781136718.750000
781269531.250000
781402343.750000
781535156.250000
781667968.750000
781800781.250000
781933593.750000
782066406.250000
782199218.750000
782332031.250000
782464843.750000
782597656.250000
782730468.750000
782863281.250000
782996093.750000
783128906.250000
783261718.750000
783394531.250000
783527343.750000
783660156.250000
783792968.750000
783925781.250000
784058593.750000
784191406.250000
784324218.750000
784457031.250000
784589843.750000
784722656.250000
784855468.750000
784988281.250000
785121093.750000
785253906.250000
785386718.750000
785519531.250000
785652343.750000
785785156.250000
785917968.750000
786050781.250000
786183593.750000
786316406.250000
786449218.750000
786582031.250000
786714843.750000
786847656.250000
786980468.750000
787113281.250000
787246093.750000
787378906.250000
787511718.750000
787644531.250000
787777343.750000
787910156.250000
788042968.750000
788175781.250000
788308593.750000
788441406.250000
788574218.750000
788707031.250000
788839843.750000
788972656.250000
789105468.750000
789238281.250000
789371093.750000
789503906.250000
789636718.750000
789769531.250000
789902343.750000
790035156.250000
790167968.750000
790300781.250000
790433593.750000
790566406.250000
790699218.750000
790832031.250000
790964843.750000
791097656.250000
791230468.750000
791363281.250000
791496093.750000
791628906.250000
791761718.750000
791894531.250000
792027343.750000
792160156.250000
792292968.750000
792425781.250000
792558593.750000
792691406.250000
792824218.750000
792957031.250000
793089843.750000
793222656.250000
793355468.750000
793488281.250000
793621093.750000
793753906.250000
793886718.750000
794019531.250000
794152343.750000
794285156.250000
794417968.750000
794550781.250000
794683593.750000
794816406.250000
794949218.750000
795082031.250000
795214843.750000
795347656.250000
795480468.750000
795613281.250000
795746093.750000
795878906.250000
796011718.750000
796144531.250000
796277343.750000
796410156.250000
796542968.750000
796675781.250000
796808593.750000
796941406.250000
797074218.750000
797207031.250000
797339843.750000
797472656.250000
797605468.750000
797738281.250000
797871093.750000
798003906.250000
798136718.750000
798269531.250000
798402343.750000
798535156.250000
798667968.750000
798800781.250000
798933593.750000
799066406.250000
799199218.750000
799332031.250000
799464843.750000
799597656.250000
799730468.750000
799863281.250000
799996093.750000
800128906.250000
800261718.750000
800394531.250000
800527343.750000
800660156.250000
800792968.750000
800925781.250000
801058593.750000
801191406.250000
801324218.750000
801457031.250000
801589843.750000
801722656.250000
801855468.750000
801988281.250000
802121093.750000
802253906.250000
802386718.750000
802519531.250000
802652343.750000
802785156.250000
802917968.750000
803050781.250000
803183593.750000
803316406.250000
803449218.750000
803582031.250000
803714843.750000
803847656.250000
803980468.750000
804113281.250000
804246093.750000
804378906.250000
804511718.750000
804644531.250000
804777343.750000
804910156.250000
805042968.750000
805175781.250000
805308593.750000
805441406.250000
805574218.750000
805707031.250000
805839843.750000
805972656.250000
806105468.750000
806238281.250000
806371093.750000
806503906.250000
806636718.750000
806769531.250000
806902343.750000
807035156.250000
807167968.750000
807300781.250000
807433593.750000
807566406.250000
807699218.750000
807832031.250000
807964843.750000
808097656.250000
808230468.750000
808363281.250000
808496093.750000
808628906.250000
808761718.750000
808894531.250000
809027343.750000
809160156.250000
809292968.750000
809425781.250000
809558593.750000
809691406.250000
809824218.750000
809957031.250000
810089843.750000
810222656.250000
810355468.750000
810488281.250000
810621093.750000
810753906.250000
810886718.750000
811019531.250000
811152343.750000
811285156.250000
811417968.750000
811550781.250000
811683593.750000
811816406.250000
811949218.750000
812082031.250000
812214843.750000
812347656.250000
812480468.750000
812613281.250000
812746093.750000
812878906.250000
813011718.750000
813144531.250000
813277343.750000
813410156.250000
813542968.750000
813675781.250000
813808593.750000
813941406.250000
814074218.750000
814207031.250000
814339843.750000
814472656.250000
814605468.750000
814738281.250000
814871093.750000
815003906.250000
815136718.750000
815269531.250000
815402343.750000
815535156.250000
815667968.750000
815800781.250000
815933593.750000
816066406.250000
816199218.750000
816332031.250000
816464843.750000
816597656.250000
816730468.750000
816863281.250000
816996093.750000
817128906.250000
817261718.750000
817394531.250000
817527343.750000
817660156.250000
817792968.750000
817925781.250000
818058593.750000
818191406.250000
818324218.750000
818457031.250000
818589843.750000
818722656.250000
818855468.750000
818988281.250000
819121093.750000
819253906.250000
819386718.750000
819519531.250000
819652343.750000
819785156.250000
819917968.750000
820050781.250000
820183593.750000
820316406.250000
820449218.750000
820582031.250000
820714843.750000
820847656.250000
820980468.750000
821113281.250000
821246093.750000
821378906.250000
821511718.750000
821644531.250000
821777343.750000
821910156.250000
822042968.750000
822175781.250000
822308593.750000
822441406.250000
822574218.750000
822707031.250000
822839843.750000
822972656.250000
823105468.750000
823238281.250000
823371093.750000
823503906.250000
823636718.750000
823769531.250000
823902343.750000
824035156.250000
824167968.750000
824300781.250000
824433593.750000
824566406.250000
824699218.750000
824832031.250000
824964843.750000
825097656.250000
825230468.750000
825363281.250000
825496093.750000
825628906.250000
825761718.750000
825894531.250000
826027343.750000
826160156.250000
826292968.750000
826425781.250000
826558593.750000
826691406.250000
826824218.750000
826957031.250000
827089843.750000
827222656.250000
827355468.750000
827488281.250000
827621093.750000
827753906.250000
827886718.750000
828019531.250000
828152343.750000
828285156.250000
828417968.750000
828550781.250000
828683593.750000
828816406.250000
828949218.750000
829082031.250000
829214843.750000
829347656.250000
829480468.750000
829613281.250000
829746093.750000
829878906.250000
830011718.750000
830144531.250000
830277343.750000
830410156.250000
830542968.750000
830675781.250000
830808593.750000
830941406.250000
831074218.750000
831207031.250000
831339843.750000
831472656.250000
831605468.750000
831738281.250000
831871093.750000
832003906.250000
832136718.750000
832269531.250000
832402343.750000
832535156.250000
832667968.750000
832800781.250000
832933593.750000
833066406.250000
833199218.750000
833332031.250000
833464843.750000
833597656.250000
833730468.750000
833863281.250000
833996093.750000
834128906.250000
834261718.750000
834394531.250000
834527343.750000
834660156.250000
834792968.750000
834925781.250000
835058593.750000
835191406.250000
835324218.750000
835457031.250000
835589843.750000
835722656.250000
835855468.750000
835988281.250000
836121093.750000
836253906.250000
836386718.750000
836519531.250000
836652343.750000
836785156.250000
836917968.750000
837050781.250000
837183593.750000
837316406.250000
837449218.750000
837582031.250000
837714843.750000
837847656.250000
837980468.750000
838113281.250000
838246093.750000
838378906.250000
838511718.750000
838644531.250000
838777343.750000
838910156.250000
839042968.750000
839175781.250000
839308593.750000
839441406.250000
839574218.750000
839707031.250000
839839843.750000
839972656.250000
840105468.750000
840238281.250000
840371093.750000
840503906.250000
840636718.750000
840769531.250000
840902343.750000
841035156.250000
841167968.750000
841300781.250000
841433593.750000
841566406.250000
841699218.750000
841832031.250000
841964843.750000
842097656.250000
842230468.750000
842363281.250000
842496093.750000
842628906.250000
842761718.750000
842894531.250000
843027343.750000
843160156.250000
843292968.750000
843425781.250000
843558593.750000
843691406.250000
843824218.750000
843957031.250000
844089843.750000
844222656.250000
844355468.750000
844488281.250000
844621093.750000
844753906.250000
844886718.750000
845019531.250000
845152343.750000
845285156.250000
845417968.750000
845550781.250000
845683593.750000
845816406.250000
845949218.750000
846082031.250000
846214843.750000
846347656.250000
846480468.750000
846613281.250000
846746093.750000
846878906.250000
847011718.750000
847144531.250000
847277343.750000
847410156.250000
847542968.750000
847675781.250000
847808593.750000
847941406.250000
848074218.750000
848207031.250000
848339843.750000
848472656.250000
848605468.750000
848738281.250000
848871093.750000
849003906.250000
849136718.750000
849269531.250000
849402343.750000
849535156.250000
849667968.750000
849800781.250000
849933593.750000
850066406.250000
850199218.750000
850332031.250000
850464843.750000
850597656.250000
850730468.750000
850863281.250000
850996093.750000
851128906.250000
851261718.750000
851394531.250000
851527343.750000
851660156.250000
851792968.750000
851925781.250000
852058593.750000
852191406.250000
852324218.750000
852457031.250000
852589843.750000
852722656.250000
852855468.750000
852988281.250000
853121093.750000
853253906.250000
853386718.750000
853519531.250000
853652343.750000
853785156.250000
853917968.750000
854050781.250000
854183593.750000
854316406.250000
854449218.750000
854582031.250000
854714843.750000
854847656.250000
854980468.750000
855113281.250000
855246093.750000
855378906.250000
855511718.750000
855644531.250000
855777343.750000
855910156.250000
856042968.750000
856175781.250000
856308593.750000
856441406.250000
856574218.750000
856707031.250000
856839843.750000
856972656.250000
857105468.750000
857238281.250000
857371093.750000
857503906.250000
857636718.750000
857769531.250000
857902343.750000
858035156.250000
858167968.750000
858300781.250000
858433593.750000
858566406.250000
858699218.750000
858832031.250000
858964843.750000
859097656.250000
859230468.750000
859363281.250000
859496093.750000
859628906.250000
859761718.750000
859894531.250000
860027343.750000
860160156.250000
860292968.750000
860425781.250000
860558593.750000
860691406.250000
860824218.750000
860957031.250000
861089843.750000
861222656.250000
861355468.750000
861488281.250000
861621093.750000
861753906.250000
861886718.750000
862019531.250000
862152343.750000
862285156.250000
862417968.750000
862550781.250000
862683593.750000
862816406.250000
862949218.750000
863082031.250000
863214843.750000
863347656.250000
863480468.750000
863613281.250000
863746093.750000
863878906.250000
864011718.750000
864144531.250000
864277343.750000
864410156.250000
864542968.750000
864675781.250000
864808593.750000
864941406.250000
865074218.750000
865207031.250000
865339843.750000
865472656.250000
865605468.750000
865738281.250000
865871093.750000
866003906.250000
866136718.750000
866269531.250000
866402343.750000
866535156.250000
866667968.750000
866800781.250000
866933593.750000
867066406.250000
867199218.750000
867332031.250000
867464843.750000
867597656.250000
867730468.750000
867863281.250000
867996093.750000
868128906.250000
868261718.750000
868394531.250000
868527343.750000
868660156.250000
868792968.750000
868925781.250000
869058593.750000
869191406.250000
869324218.750000
869457031.250000
869589843.750000
869722656.250000
869855468.750000
869988281.250000
870121093.750000
870253906.250000
870386718.750000
870519531.250000
870652343.750000
870785156.250000
870917968.750000
871050781.250000
871183593.750000
871316406.250000
871449218.750000
871582031.250000
871714843.750000
871847656.250000
871980468.750000
872113281.250000
872246093.750000
872378906.250000
872511718.750000
872644531.250000
872777343.750000
872910156.250000
873042968.750000
873175781.250000
873308593.750000
873441406.250000
873574218.750000
873707031.250000
873839843.750000
873972656.250000
874105468.750000
874238281.250000
874371093.750000
874503906.250000
874636718.750000
874769531.250000
874902343.750000
875035156.250000
875167968.750000
875300781.250000
875433593.750000
875566406.250000
875699218.750000
875832031.250000
875964843.750000
876097656.250000
876230468.750000
876363281.250000
876496093.750000
876628906.250000
876761718.750000
876894531.250000
877027343.750000
877160156.250000
877292968.750000
877425781.250000
877558593.750000
877691406.250000
877824218.750000
877957031.250000
878089843.750000
878222656.250000
878355468.750000
878488281.250000
878621093.750000
878753906.250000
878886718.750000
879019531.250000
879152343.750000
879285156.250000
879417968.750000
879550781.250000
879683593.750000
879816406.250000
879949218.750000
880082031.250000
880214843.750000
880347656.250000
880480468.750000
880613281.250000
880746093.750000
880878906.250000
881011718.750000
881144531.250000
881277343.750000
881410156.250000
881542968.750000
881675781.250000
881808593.750000
881941406.250000
882074218.750000
882207031.250000
882339843.750000
882472656.250000
882605468.750000
882738281.250000
882871093.750000
883003906.250000
883136718.750000
883269531.250000
883402343.750000
883535156.250000
883667968.750000
883800781.250000
883933593.750000
884066406.250000
884199218.750000
884332031.250000
884464843.750000
884597656.250000
884730468.750000
884863281.250000
884996093.750000
885128906.250000
885261718.750000
885394531.250000
885527343.750000
885660156.250000
885792968.750000
885925781.250000
886058593.750000
886191406.250000
886324218.750000
886457031.250000
886589843.750000
886722656.250000
886855468.750000
886988281.250000
887121093.750000
887253906.250000
887386718.750000
887519531.250000
887652343.750000
887785156.250000
887917968.750000
888050781.250000
888183593.750000
888316406.250000
888449218.750000
888582031.250000
888714843.750000
888847656.250000
888980468.750000
889113281.250000
889246093.750000
889378906.250000
889511718.750000
889644531.250000
889777343.750000
889910156.250000
890042968.750000
890175781.250000
890308593.750000
890441406.250000
890574218.750000
890707031.250000
890839843.750000
890972656.250000
891105468.750000
891238281.250000
891371093.750000
891503906.250000
891636718.750000
891769531.250000
891902343.750000
892035156.250000
892167968.750000
892300781.250000
892433593.750000
892566406.250000
892699218.750000
892832031.250000
892964843.750000
893097656.250000
893230468.750000
893363281.250000
893496093.750000
893628906.250000
893761718.750000
893894531.250000
894027343.750000
894160156.250000
894292968.750000
894425781.250000
894558593.750000
894691406.250000
894824218.750000
894957031.250000
895089843.750000
895222656.250000
895355468.750000
895488281.250000
895621093.750000
895753906.250000
895886718.750000
896019531.250000
896152343.750000
896285156.250000
896417968.750000
896550781.250000
896683593.750000
896816406.250000
896949218.750000
897082031.250000
897214843.750000
897347656.250000
897480468.750000
897613281.250000
897746093.750000
897878906.250000
898011718.750000
898144531.250000
898277343.750000
898410156.250000
898542968.750000
898675781.250000
898808593.750000
898941406.250000
899074218.750000
899207031.250000
899339843.750000
899472656.250000
899605468.750000
899738281.250000
899871093.750000
900003906.250000
900136718.750000
900269531.250000
900402343.750000
900535156.250000
900667968.750000
900800781.250000
900933593.750000
901066406.250000
901199218.750000
901332031.250000
901464843.750000
901597656.250000
901730468.750000
901863281.250000
901996093.750000
902128906.250000
902261718.750000
902394531.250000
902527343.750000
902660156.250000
902792968.750000
902925781.250000
903058593.750000
903191406.250000
903324218.750000
903457031.250000
903589843.750000
903722656.250000
903855468.750000
903988281.250000
904121093.750000
904253906.250000
904386718.750000
904519531.250000
904652343.750000
904785156.250000
904917968.750000
905050781.250000
905183593.750000
905316406.250000
905449218.750000
905582031.250000
905714843.750000
905847656.250000
905980468.750000
906113281.250000
906246093.750000
906378906.250000
906511718.750000
906644531.250000
906777343.750000
906910156.250000
907042968.750000
907175781.250000
907308593.750000
907441406.250000
907574218.750000
907707031.250000
907839843.750000
907972656.250000
908105468.750000
908238281.250000
908371093.750000
908503906.250000
908636718.750000
908769531.250000
908902343.750000
909035156.250000
909167968.750000
909300781.250000
909433593.750000
909566406.250000
909699218.750000
909832031.250000
909964843.750000
910097656.250000
910230468.750000
910363281.250000
910496093.750000
910628906.250000
910761718.750000
910894531.250000
911027343.750000
911160156.250000
911292968.750000
911425781.250000
911558593.750000
911691406.250000
911824218.750000
911957031.250000
912089843.750000
912222656.250000
912355468.750000
912488281.250000
912621093.750000
912753906.250000
912886718.750000
913019531.250000
913152343.750000
913285156.250000
913417968.750000
913550781.250000
913683593.750000
913816406.250000
913949218.750000
914082031.250000
914214843.750000
914347656.250000
914480468.750000
914613281.250000
914746093.750000
914878906.250000
915011718.750000
915144531.250000
915277343.750000
915410156.250000
915542968.750000
915675781.250000
915808593.750000
915941406.250000
916074218.750000
916207031.250000
916339843.750000
916472656.250000
916605468.750000
916738281.250000
916871093.750000
917003906.250000
917136718.750000
917269531.250000
917402343.750000
917535156.250000
917667968.750000
917800781.250000
917933593.750000
918066406.250000
918199218.750000
918332031.250000
918464843.750000
918597656.250000
918730468.750000
918863281.250000
918996093.750000
919128906.250000
919261718.750000
919394531.250000
919527343.750000
919660156.250000
919792968.750000
919925781.250000
920058593.750000
920191406.250000
920324218.750000
920457031.250000
920589843.750000
920722656.250000
920855468.750000
920988281.250000
921121093.750000
921253906.250000
921386718.750000
921519531.250000
921652343.750000
921785156.250000
921917968.750000
922050781.250000
922183593.750000
922316406.250000
922449218.750000
922582031.250000
922714843.750000
922847656.250000
922980468.750000
923113281.250000
923246093.750000
923378906.250000
923511718.750000
923644531.250000
923777343.750000
923910156.250000
924042968.750000
924175781.250000
924308593.750000
924441406.250000
924574218.750000
924707031.250000
924839843.750000
924972656.250000
925105468.750000
925238281.250000
925371093.750000
925503906.250000
925636718.750000
925769531.250000
925902343.750000
926035156.250000
926167968.750000
926300781.250000
926433593.750000
926566406.250000
926699218.750000
926832031.250000
926964843.750000
927097656.250000
927230468.750000
927363281.250000
927496093.750000
927628906.250000
927761718.750000
927894531.250000
928027343.750000
928160156.250000
928292968.750000
928425781.250000
928558593.750000
928691406.250000
928824218.750000
928957031.250000
929089843.750000
929222656.250000
929355468.750000
929488281.250000
929621093.750000
929753906.250000
929886718.750000
930019531.250000
930152343.750000
930285156.250000
930417968.750000
930550781.250000
930683593.750000
930816406.250000
930949218.750000
931082031.250000
931214843.750000
931347656.250000
931480468.750000
931613281.250000
931746093.750000
931878906.250000
932011718.750000
932144531.250000
932277343.750000
932410156.250000
932542968.750000
932675781.250000
932808593.750000
932941406.250000
933074218.750000
933207031.250000
933339843.750000
933472656.250000
933605468.750000
933738281.250000
933871093.750000
934003906.250000
934136718.750000
934269531.250000
934402343.750000
934535156.250000
934667968.750000
934800781.250000
934933593.750000
935066406.250000
935199218.750000
935332031.250000
935464843.750000
935597656.250000
935730468.750000
935863281.250000
935996093.750000
936128906.250000
936261718.750000
936394531.250000
936527343.750000
936660156.250000
936792968.750000
936925781.250000
937058593.750000
937191406.250000
937324218.750000
937457031.250000
937589843.750000
937722656.250000
937855468.750000
937988281.250000
938121093.750000
938253906.250000
938386718.750000
938519531.250000
938652343.750000
938785156.250000
938917968.750000
939050781.250000
939183593.750000
939316406.250000
939449218.750000
939582031.250000
939714843.750000
939847656.250000
939980468.750000
940113281.250000
940246093.750000
940378906.250000
940511718.750000
940644531.250000
940777343.750000
940910156.250000
941042968.750000
941175781.250000
941308593.750000
941441406.250000
941574218.750000
941707031.250000
941839843.750000
941972656.250000
942105468.750000
942238281.250000
942371093.750000
942503906.250000
942636718.750000
942769531.250000
942902343.750000
943035156.250000
943167968.750000
943300781.250000
943433593.750000
943566406.250000
943699218.750000
943832031.250000
943964843.750000
944097656.250000
944230468.750000
944363281.250000
944496093.750000
944628906.250000
944761718.750000
944894531.250000
945027343.750000
945160156.250000
945292968.750000
945425781.250000
945558593.750000
945691406.250000
945824218.750000
945957031.250000
946089843.750000
946222656.250000
946355468.750000
946488281.250000
946621093.750000
946753906.250000
946886718.750000
947019531.250000
947152343.750000
947285156.250000
947417968.750000
947550781.250000
947683593.750000
947816406.250000
947949218.750000
948082031.250000
948214843.750000
948347656.250000
948480468.750000
948613281.250000
948746093.750000
948878906.250000
949011718.750000
949144531.250000
949277343.750000
949410156.250000
949542968.750000
949675781.250000
949808593.750000
949941406.250000
950074218.750000
950207031.250000
950339843.750000
950472656.250000
950605468.750000
950738281.250000
950871093.750000
951003906.250000
951136718.750000
951269531.250000
951402343.750000
951535156.250000
951667968.750000
951800781.250000
951933593.750000
952066406.250000
952199218.750000
952332031.250000
952464843.750000
952597656.250000
952730468.750000
952863281.250000
952996093.750000
953128906.250000
953261718.750000
953394531.250000
953527343.750000
953660156.250000
953792968.750000
953925781.250000
954058593.750000
954191406.250000
954324218.750000
954457031.250000
954589843.750000
954722656.250000
954855468.750000
954988281.250000
955121093.750000
955253906.250000
955386718.750000
955519531.250000
955652343.750000
955785156.250000
955917968.750000
956050781.250000
956183593.750000
956316406.250000
956449218.750000
956582031.250000
956714843.750000
956847656.250000
956980468.750000
957113281.250000
957246093.750000
957378906.250000
957511718.750000
957644531.250000
957777343.750000
957910156.250000
958042968.750000
958175781.250000
958308593.750000
958441406.250000
958574218.750000
958707031.250000
958839843.750000
958972656.250000
959105468.750000
959238281.250000
959371093.750000
959503906.250000
959636718.750000
959769531.250000
959902343.750000
960035156.250000
960167968.750000
960300781.250000
960433593.750000
960566406.250000
960699218.750000
960832031.250000
960964843.750000
961097656.250000
961230468.750000
961363281.250000
961496093.750000
961628906.250000
961761718.750000
961894531.250000
962027343.750000
962160156.250000
962292968.750000
962425781.250000
962558593.750000
962691406.250000
962824218.750000
962957031.250000
963089843.750000
963222656.250000
963355468.750000
963488281.250000
963621093.750000
963753906.250000
963886718.750000
964019531.250000
964152343.750000
964285156.250000
964417968.750000
964550781.250000
964683593.750000
964816406.250000
964949218.750000
965082031.250000
965214843.750000
965347656.250000
965480468.750000
965613281.250000
965746093.750000
965878906.250000
966011718.750000
966144531.250000
966277343.750000
966410156.250000
966542968.750000
966675781.250000
966808593.750000
966941406.250000
967074218.750000
967207031.250000
967339843.750000
967472656.250000
967605468.750000
967738281.250000
967871093.750000
968003906.250000
968136718.750000
968269531.250000
968402343.750000
968535156.250000
968667968.750000
968800781.250000
968933593.750000
969066406.250000
969199218.750000
969332031.250000
969464843.750000
969597656.250000
969730468.750000
969863281.250000
969996093.750000
970128906.250000
970261718.750000
970394531.250000
970527343.750000
970660156.250000
970792968.750000
970925781.250000
971058593.750000
971191406.250000
971324218.750000
971457031.250000
971589843.750000
971722656.250000
971855468.750000
971988281.250000
972121093.750000
972253906.250000
972386718.750000
972519531.250000
972652343.750000
972785156.250000
972917968.750000
973050781.250000
973183593.750000
973316406.250000
973449218.750000
973582031.250000
973714843.750000
973847656.250000
973980468.750000
974113281.250000
974246093.750000
974378906.250000
974511718.750000
974644531.250000
974777343.750000
974910156.250000
975042968.750000
975175781.250000
975308593.750000
975441406.250000
975574218.750000
975707031.250000
975839843.750000
975972656.250000
976105468.750000
976238281.250000
976371093.750000
976503906.250000
976636718.750000
976769531.250000
976902343.750000
977035156.250000
977167968.750000
977300781.250000
977433593.750000
977566406.250000
977699218.750000
977832031.250000
977964843.750000
978097656.250000
978230468.750000
978363281.250000
978496093.750000
978628906.250000
978761718.750000
978894531.250000
979027343.750000
979160156.250000
979292968.750000
979425781.250000
979558593.750000
979691406.250000
979824218.750000
979957031.250000
980089843.750000
980222656.250000
980355468.750000
980488281.250000
980621093.750000
980753906.250000
980886718.750000
981019531.250000
981152343.750000
981285156.250000
981417968.750000
981550781.250000
981683593.750000
981816406.250000
981949218.750000
982082031.250000
982214843.750000
982347656.250000
982480468.750000
982613281.250000
982746093.750000
982878906.250000
983011718.750000
983144531.250000
983277343.750000
983410156.250000
983542968.750000
983675781.250000
983808593.750000
983941406.250000
984074218.750000
984207031.250000
984339843.750000
984472656.250000
984605468.750000
984738281.250000
984871093.750000
985003906.250000
985136718.750000
985269531.250000
985402343.750000
985535156.250000
985667968.750000
985800781.250000
985933593.750000
986066406.250000
986199218.750000
986332031.250000
986464843.750000
986597656.250000
986730468.750000
986863281.250000
986996093.750000
987128906.250000
987261718.750000
987394531.250000
987527343.750000
987660156.250000
987792968.750000
987925781.250000
988058593.750000
988191406.250000
988324218.750000
988457031.250000
988589843.750000
988722656.250000
988855468.750000
988988281.250000
989121093.750000
989253906.250000
989386718.750000
989519531.250000
989652343.750000
989785156.250000
989917968.750000
990050781.250000
990183593.750000
990316406.250000
990449218.750000
990582031.250000
990714843.750000
990847656.250000
990980468.750000
991113281.250000
991246093.750000
991378906.250000
991511718.750000
991644531.250000
991777343.750000
991910156.250000
992042968.750000
992175781.250000
992308593.750000
992441406.250000
992574218.750000
992707031.250000
992839843.750000
992972656.250000
993105468.750000
993238281.250000
993371093.750000
993503906.250000
993636718.750000
993769531.250000
993902343.750000
994035156.250000
994167968.750000
994300781.250000
994433593.750000
994566406.250000
994699218.750000
994832031.250000
994964843.750000
995097656.250000
995230468.750000
995363281.250000
995496093.750000
995628906.250000
995761718.750000
995894531.250000
996027343.750000
996160156.250000
996292968.750000
996425781.250000
996558593.750000
996691406.250000
996824218.750000
996957031.250000
997089843.750000
997222656.250000
997355468.750000
997488281.250000
997621093.750000
997753906.250000
997886718.750000
998019531.250000
998152343.750000
998285156.250000
998417968.750000
998550781.250000
998683593.750000
998816406.250000
998949218.750000
999082031.250000
999214843.750000
999347656.250000
999480468.750000
999613281.250000
999746093.750000
999878906.250000
1000011718.750000
1000144531.250000
1000277343.750000
1000410156.250000
1000542968.750000
1000675781.250000
1000808593.750000
1000941406.250000
1001074218.750000
1001207031.250000
1001339843.750000
1001472656.250000
1001605468.750000
1001738281.250000
1001871093.750000
1002003906.250000
1002136718.750000
1002269531.250000
1002402343.750000
1002535156.250000
1002667968.750000
1002800781.250000
1002933593.750000
1003066406.250000
1003199218.750000
1003332031.250000
1003464843.750000
1003597656.250000
1003730468.750000
1003863281.250000
1003996093.750000
1004128906.250000
1004261718.750000
1004394531.250000
1004527343.750000
1004660156.250000
1004792968.750000
1004925781.250000
1005058593.750000
1005191406.250000
1005324218.750000
1005457031.250000
1005589843.750000
1005722656.250000
1005855468.750000
1005988281.250000
1006121093.750000
1006253906.250000
1006386718.750000
1006519531.250000
1006652343.750000
1006785156.250000
1006917968.750000
1007050781.250000
1007183593.750000
1007316406.250000
1007449218.750000
1007582031.250000
1007714843.750000
1007847656.250000
1007980468.750000
1008113281.250000
1008246093.750000
1008378906.250000
1008511718.750000
1008644531.250000
1008777343.750000
1008910156.250000
1009042968.750000
1009175781.250000
1009308593.750000
1009441406.250000
1009574218.750000
1009707031.250000
1009839843.750000
1009972656.250000
1010105468.750000
1010238281.250000
1010371093.750000
1010503906.250000
1010636718.750000
1010769531.250000
1010902343.750000
1011035156.250000
1011167968.750000
1011300781.250000
1011433593.750000
1011566406.250000
1011699218.750000
1011832031.250000
1011964843.750000
1012097656.250000
1012230468.750000
1012363281.250000
1012496093.750000
1012628906.250000
1012761718.750000
1012894531.250000
1013027343.750000
1013160156.250000
1013292968.750000
1013425781.250000
1013558593.750000
1013691406.250000
1013824218.750000
1013957031.250000
1014089843.750000
1014222656.250000
1014355468.750000
1014488281.250000
1014621093.750000
1014753906.250000
1014886718.750000
1015019531.250000
1015152343.750000
1015285156.250000
1015417968.750000
1015550781.250000
1015683593.750000
1015816406.250000
1015949218.750000
1016082031.250000
1016214843.750000
1016347656.250000
1016480468.750000
1016613281.250000
1016746093.750000
1016878906.250000
1017011718.750000
1017144531.250000
1017277343.750000
1017410156.250000
1017542968.750000
1017675781.250000
1017808593.750000
1017941406.250000
1018074218.750000
1018207031.250000
1018339843.750000
1018472656.250000
1018605468.750000
1018738281.250000
1018871093.750000
1019003906.250000
1019136718.750000
1019269531.250000
1019402343.750000
1019535156.250000
1019667968.750000
1019800781.250000
1019933593.750000
1020066406.250000
1020199218.750000
1020332031.250000
1020464843.750000
1020597656.250000
1020730468.750000
1020863281.250000
1020996093.750000
1021128906.250000
1021261718.750000
1021394531.250000
1021527343.750000
1021660156.250000
1021792968.750000
1021925781.250000
1022058593.750000
1022191406.250000
1022324218.750000
1022457031.250000
1022589843.750000
1022722656.250000
1022855468.750000
1022988281.250000
1023121093.750000
1023253906.250000
1023386718.750000
1023519531.250000
1023652343.750000
1023785156.250000
1023917968.750000
1024050781.250000
1024183593.750000
1024316406.250000
1024449218.750000
1024582031.250000
1024714843.750000
1024847656.250000
1024980468.750000
1025113281.250000
1025246093.750000
1025378906.250000
1025511718.750000
1025644531.250000
1025777343.750000
1025910156.250000
1026042968.750000
1026175781.250000
1026308593.750000
1026441406.250000
1026574218.750000
1026707031.250000
1026839843.750000
1026972656.250000
1027105468.750000
1027238281.250000
1027371093.750000
1027503906.250000
1027636718.750000
1027769531.250000
1027902343.750000
1028035156.250000
1028167968.750000
1028300781.250000
1028433593.750000
1028566406.250000
1028699218.750000
1028832031.250000
1028964843.750000
1029097656.250000
1029230468.750000
1029363281.250000
1029496093.750000
1029628906.250000
1029761718.750000
1029894531.250000
1030027343.750000
1030160156.250000
1030292968.750000
1030425781.250000
1030558593.750000
1030691406.250000
1030824218.750000
1030957031.250000
1031089843.750000
1031222656.250000
1031355468.750000
1031488281.250000
1031621093.750000
1031753906.250000
1031886718.750000
1032019531.250000
1032152343.750000
1032285156.250000
1032417968.750000
1032550781.250000
1032683593.750000
1032816406.250000
1032949218.750000
1033082031.250000
1033214843.750000
1033347656.250000
1033480468.750000
1033613281.250000
1033746093.750000
1033878906.250000
1034011718.750000
1034144531.250000
1034277343.750000
1034410156.250000
1034542968.750000
1034675781.250000
1034808593.750000
1034941406.250000
1035074218.750000
1035207031.250000
1035339843.750000
1035472656.250000
1035605468.750000
1035738281.250000
1035871093.750000
1036003906.250000
1036136718.750000
1036269531.250000
1036402343.750000
1036535156.250000
1036667968.750000
1036800781.250000
1036933593.750000
1037066406.250000
1037199218.750000
1037332031.250000
1037464843.750000
1037597656.250000
1037730468.750000
1037863281.250000
1037996093.750000
1038128906.250000
1038261718.750000
1038394531.250000
1038527343.750000
1038660156.250000
1038792968.750000
1038925781.250000
1039058593.750000
1039191406.250000
1039324218.750000
1039457031.250000
1039589843.750000
1039722656.250000
1039855468.750000
1039988281.250000
1040121093.750000
1040253906.250000
1040386718.750000
1040519531.250000
1040652343.750000
1040785156.250000
1040917968.750000
1041050781.250000
1041183593.750000
1041316406.250000
1041449218.750000
1041582031.250000
1041714843.750000
1041847656.250000
1041980468.750000
1042113281.250000
1042246093.750000
1042378906.250000
1042511718.750000
1042644531.250000
1042777343.750000
1042910156.250000
1043042968.750000
1043175781.250000
1043308593.750000
1043441406.250000
1043574218.750000
1043707031.250000
1043839843.750000
1043972656.250000
1044105468.750000
1044238281.250000
1044371093.750000
1044503906.250000
1044636718.750000
1044769531.250000
1044902343.750000
1045035156.250000
1045167968.750000
1045300781.250000
1045433593.750000
1045566406.250000
1045699218.750000
1045832031.250000
1045964843.750000
1046097656.250000
1046230468.750000
1046363281.250000
1046496093.750000
1046628906.250000
1046761718.750000
1046894531.250000
1047027343.750000
1047160156.250000
1047292968.750000
1047425781.250000
1047558593.750000
1047691406.250000
1047824218.750000
1047957031.250000
1048089843.750000
1048222656.250000
1048355468.750000
1048488281.250000
1048621093.750000
1048753906.250000
1048886718.750000
1049019531.250000
1049152343.750000
1049285156.250000
1049417968.750000
1049550781.250000
1049683593.750000
1049816406.250000
1049949218.750000
1050082031.250000
1050214843.750000
1050347656.250000
1050480468.750000
1050613281.250000
1050746093.750000
1050878906.250000
1051011718.750000
1051144531.250000
1051277343.750000
1051410156.250000
1051542968.750000
1051675781.250000
1051808593.750000
1051941406.250000
1052074218.750000
1052207031.250000
1052339843.750000
1052472656.250000
1052605468.750000
1052738281.250000
1052871093.750000
1053003906.250000
1053136718.750000
1053269531.250000
1053402343.750000
1053535156.250000
1053667968.750000
1053800781.250000
1053933593.750000
1054066406.250000
1054199218.750000
1054332031.250000
1054464843.750000
1054597656.250000
1054730468.750000
1054863281.250000
1054996093.750000
1055128906.250000
1055261718.750000
1055394531.250000
1055527343.750000
1055660156.250000
1055792968.750000
1055925781.250000
1056058593.750000
1056191406.250000
1056324218.750000
1056457031.250000
1056589843.750000
1056722656.250000
1056855468.750000
1056988281.250000
1057121093.750000
1057253906.250000
1057386718.750000
1057519531.250000
1057652343.750000
1057785156.250000
1057917968.750000
1058050781.250000
1058183593.750000
1058316406.250000
1058449218.750000
1058582031.250000
1058714843.750000
1058847656.250000
1058980468.750000
1059113281.250000
1059246093.750000
1059378906.250000
1059511718.750000
1059644531.250000
1059777343.750000
1059910156.250000
1060042968.750000
1060175781.250000
1060308593.750000
1060441406.250000
1060574218.750000
1060707031.250000
1060839843.750000
1060972656.250000
1061105468.750000
1061238281.250000
1061371093.750000
1061503906.250000
1061636718.750000
1061769531.250000
1061902343.750000
1062035156.250000
1062167968.750000
1062300781.250000
1062433593.750000
1062566406.250000
1062699218.750000
1062832031.250000
1062964843.750000
1063097656.250000
1063230468.750000
1063363281.250000
1063496093.750000
1063628906.250000
1063761718.750000
1063894531.250000
1064027343.750000
1064160156.250000
1064292968.750000
1064425781.250000
1064558593.750000
1064691406.250000
1064824218.750000
1064957031.250000
1065089843.750000
1065222656.250000
1065355468.750000
1065488281.250000
1065621093.750000
1065753906.250000
1065886718.750000
1066019531.250000
1066152343.750000
1066285156.250000
1066417968.750000
1066550781.250000
1066683593.750000
1066816406.250000
1066949218.750000
1067082031.250000
1067214843.750000
1067347656.250000
1067480468.750000
1067613281.250000
1067746093.750000
1067878906.250000
1068011718.750000
1068144531.250000
1068277343.750000
1068410156.250000
1068542968.750000
1068675781.250000
1068808593.750000
1068941406.250000
1069074218.750000
1069207031.250000
1069339843.750000
1069472656.250000
1069605468.750000
1069738281.250000
1069871093.750000
1070003906.250000
1070136718.750000
1070269531.250000
1070402343.750000
1070535156.250000
1070667968.750000
1070800781.250000
1070933593.750000
1071066406.250000
1071199218.750000
1071332031.250000
1071464843.750000
1071597656.250000
1071730468.750000
1071863281.250000
1071996093.750000
1072128906.250000
1072261718.750000
1072394531.250000
1072527343.750000
1072660156.250000
1072792968.750000
1072925781.250000
1073058593.750000
1073191406.250000
1073324218.750000
1073457031.250000
1073589843.750000
1073722656.250000
1073855468.750000
1073988281.250000
1074121093.750000
1074253906.250000
1074386718.750000
1074519531.250000
1074652343.750000
1074785156.250000
1074917968.750000
1075050781.250000
1075183593.750000
1075316406.250000
1075449218.750000
1075582031.250000
1075714843.750000
1075847656.250000
1075980468.750000
1076113281.250000
1076246093.750000
1076378906.250000
1076511718.750000
1076644531.250000
1076777343.750000
1076910156.250000
1077042968.750000
1077175781.250000
1077308593.750000
1077441406.250000
1077574218.750000
1077707031.250000
1077839843.750000
1077972656.250000
1078105468.750000
1078238281.250000
1078371093.750000
1078503906.250000
1078636718.750000
1078769531.250000
1078902343.750000
1079035156.250000
1079167968.750000
1079300781.250000
1079433593.750000
1079566406.250000
1079699218.750000
1079832031.250000
1079964843.750000
1080097656.250000
1080230468.750000
1080363281.250000
1080496093.750000
1080628906.250000
1080761718.750000
1080894531.250000
1081027343.750000
1081160156.250000
1081292968.750000
1081425781.250000
1081558593.750000
1081691406.250000
1081824218.750000
1081957031.250000
1082089843.750000
1082222656.250000
1082355468.750000
1082488281.250000
1082621093.750000
1082753906.250000
1082886718.750000
1083019531.250000
1083152343.750000
1083285156.250000
1083417968.750000
1083550781.250000
1083683593.750000
1083816406.250000
1083949218.750000
1084082031.250000
1084214843.750000
1084347656.250000
1084480468.750000
1084613281.250000
1084746093.750000
1084878906.250000
1085011718.750000
1085144531.250000
1085277343.750000
1085410156.250000
1085542968.750000
1085675781.250000
1085808593.750000
1085941406.250000
1086074218.750000
1086207031.250000
1086339843.750000
1086472656.250000
1086605468.750000
1086738281.250000
1086871093.750000
1087003906.250000
1087136718.750000
1087269531.250000
1087402343.750000
1087535156.250000
1087667968.750000
1087800781.250000
1087933593.750000
