4000976562.500000
4002929687.500000
4004882812.500000
4006835937.500000
4008789062.500000
4010742187.500000
4012695312.500000
4014648437.500000
4016601562.500000
4018554687.500000
4020507812.500000
4022460937.500000
4024414062.500000
4026367187.500000
4028320312.500000
4030273437.500000
4032226562.500000
4034179687.500000
4036132812.500000
4038085937.500000
4040039062.500000
4041992187.500000
4043945312.500000
4045898437.500000
4047851562.500000
4049804687.500000
4051757812.500000
4053710937.500000
4055664062.500000
4057617187.500000
4059570312.500000
4061523437.500000
4063476562.500000
4065429687.500000
4067382812.500000
4069335937.500000
4071289062.500000
4073242187.500000
4075195312.500000
4077148437.500000
4079101562.500000
4081054687.500000
4083007812.500000
4084960937.500000
4086914062.500000
4088867187.500000
4090820312.500000
4092773437.500000
4094726562.500000
4096679687.500000
4098632812.500000
4100585937.500000
4102539062.500000
4104492187.500000
4106445312.500000
4108398437.500000
4110351562.500000
4112304687.500000
4114257812.500000
4116210937.500000
4118164062.500000
4120117187.500000
4122070312.500000
4124023437.500000
4125976562.500000
4127929687.500000
4129882812.500000
4131835937.500000
4133789062.500000
4135742187.500000
4137695312.500000
4139648437.500000
4141601562.500000
4143554687.500000
4145507812.500000
4147460937.500000
4149414062.500000
4151367187.500000
4153320312.500000
4155273437.500000
4157226562.500000
4159179687.500000
4161132812.500000
4163085937.500000
4165039062.500000
4166992187.500000
4168945312.500000
4170898437.500000
4172851562.500000
4174804687.500000
4176757812.500000
4178710937.500000
4180664062.500000
4182617187.500000
4184570312.500000
4186523437.500000
4188476562.500000
4190429687.500000
4192382812.500000
4194335937.500000
4196289062.500000
4198242187.500000
4200195312.500000
4202148437.500000
4204101562.500000
4206054687.500000
4208007812.500000
4209960937.500000
4211914062.500000
4213867187.500000
4215820312.500000
4217773437.500000
4219726562.500000
4221679687.500000
4223632812.500000
4225585937.500000
4227539062.500000
4229492187.500000
4231445312.500000
4233398437.500000
4235351562.500000
4237304687.500000
4239257812.500000
4241210937.500000
4243164062.500000
4245117187.500000
4247070312.500000
4249023437.500000
4250976562.500000
4252929687.500000
4254882812.500000
4256835937.500000
4258789062.500000
4260742187.500000
4262695312.500000
4264648437.500000
4266601562.500000
4268554687.500000
4270507812.500000
4272460937.500000
4274414062.500000
4276367187.500000
4278320312.500000
4280273437.500000
4282226562.500000
4284179687.500000
4286132812.500000
4288085937.500000
4290039062.500000
4291992187.500000
4293945312.500000
4295898437.500000
4297851562.500000
4299804687.500000
4301757812.500000
4303710937.500000
4305664062.500000
4307617187.500000
4309570312.500000
4311523437.500000
4313476562.500000
4315429687.500000
4317382812.500000
4319335937.500000
4321289062.500000
4323242187.500000
4325195312.500000
4327148437.500000
4329101562.500000
4331054687.500000
4333007812.500000
4334960937.500000
4336914062.500000
4338867187.500000
4340820312.500000
4342773437.500000
4344726562.500000
4346679687.500000
4348632812.500000
4350585937.500000
4352539062.500000
4354492187.500000
4356445312.500000
4358398437.500000
4360351562.500000
4362304687.500000
4364257812.500000
4366210937.500000
4368164062.500000
4370117187.500000
4372070312.500000
4374023437.500000
4375976562.500000
4377929687.500000
4379882812.500000
4381835937.500000
4383789062.500000
4385742187.500000
4387695312.500000
4389648437.500000
4391601562.500000
4393554687.500000
4395507812.500000
4397460937.500000
4399414062.500000
4401367187.500000
4403320312.500000
4405273437.500000
4407226562.500000
4409179687.500000
4411132812.500000
4413085937.500000
4415039062.500000
4416992187.500000
4418945312.500000
4420898437.500000
4422851562.500000
4424804687.500000
4426757812.500000
4428710937.500000
4430664062.500000
4432617187.500000
4434570312.500000
4436523437.500000
4438476562.500000
4440429687.500000
4442382812.500000
4444335937.500000
4446289062.500000
4448242187.500000
4450195312.500000
4452148437.500000
4454101562.500000
4456054687.500000
4458007812.500000
4459960937.500000
4461914062.500000
4463867187.500000
4465820312.500000
4467773437.500000
4469726562.500000
4471679687.500000
4473632812.500000
4475585937.500000
4477539062.500000
4479492187.500000
4481445312.500000
4483398437.500000
4485351562.500000
4487304687.500000
4489257812.500000
4491210937.500000
4493164062.500000
4495117187.500000
4497070312.500000
4499023437.500000
4500976562.500000
4502929687.500000
4504882812.500000
4506835937.500000
4508789062.500000
4510742187.500000
4512695312.500000
4514648437.500000
4516601562.500000
4518554687.500000
4520507812.500000
4522460937.500000
4524414062.500000
4526367187.500000
4528320312.500000
4530273437.500000
4532226562.500000
4534179687.500000
4536132812.500000
4538085937.500000
4540039062.500000
4541992187.500000
4543945312.500000
4545898437.500000
4547851562.500000
4549804687.500000
4551757812.500000
4553710937.500000
4555664062.500000
4557617187.500000
4559570312.500000
4561523437.500000
4563476562.500000
4565429687.500000
4567382812.500000
4569335937.500000
4571289062.500000
4573242187.500000
4575195312.500000
4577148437.500000
4579101562.500000
4581054687.500000
4583007812.500000
4584960937.500000
4586914062.500000
4588867187.500000
4590820312.500000
4592773437.500000
4594726562.500000
4596679687.500000
4598632812.500000
4600585937.500000
4602539062.500000
4604492187.500000
4606445312.500000
4608398437.500000
4610351562.500000
4612304687.500000
4614257812.500000
4616210937.500000
4618164062.500000
4620117187.500000
4622070312.500000
4624023437.500000
4625976562.500000
4627929687.500000
4629882812.500000
4631835937.500000
4633789062.500000
4635742187.500000
4637695312.500000
4639648437.500000
4641601562.500000
4643554687.500000
4645507812.500000
4647460937.500000
4649414062.500000
4651367187.500000
4653320312.500000
4655273437.500000
4657226562.500000
4659179687.500000
4661132812.500000
4663085937.500000
4665039062.500000
4666992187.500000
4668945312.500000
4670898437.500000
4672851562.500000
4674804687.500000
4676757812.500000
4678710937.500000
4680664062.500000
4682617187.500000
4684570312.500000
4686523437.500000
4688476562.500000
4690429687.500000
4692382812.500000
4694335937.500000
4696289062.500000
4698242187.500000
4700195312.500000
4702148437.500000
4704101562.500000
4706054687.500000
4708007812.500000
4709960937.500000
4711914062.500000
4713867187.500000
4715820312.500000
4717773437.500000
4719726562.500000
4721679687.500000
4723632812.500000
4725585937.500000
4727539062.500000
4729492187.500000
4731445312.500000
4733398437.500000
4735351562.500000
4737304687.500000
4739257812.500000
4741210937.500000
4743164062.500000
4745117187.500000
4747070312.500000
4749023437.500000
4750976562.500000
4752929687.500000
4754882812.500000
4756835937.500000
4758789062.500000
4760742187.500000
4762695312.500000
4764648437.500000
4766601562.500000
4768554687.500000
4770507812.500000
4772460937.500000
4774414062.500000
4776367187.500000
4778320312.500000
4780273437.500000
4782226562.500000
4784179687.500000
4786132812.500000
4788085937.500000
4790039062.500000
4791992187.500000
4793945312.500000
4795898437.500000
4797851562.500000
4799804687.500000
4801757812.500000
4803710937.500000
4805664062.500000
4807617187.500000
4809570312.500000
4811523437.500000
4813476562.500000
4815429687.500000
4817382812.500000
4819335937.500000
4821289062.500000
4823242187.500000
4825195312.500000
4827148437.500000
4829101562.500000
4831054687.500000
4833007812.500000
4834960937.500000
4836914062.500000
4838867187.500000
4840820312.500000
4842773437.500000
4844726562.500000
4846679687.500000
4848632812.500000
4850585937.500000
4852539062.500000
4854492187.500000
4856445312.500000
4858398437.500000
4860351562.500000
4862304687.500000
4864257812.500000
4866210937.500000
4868164062.500000
4870117187.500000
4872070312.500000
4874023437.500000
4875976562.500000
4877929687.500000
4879882812.500000
4881835937.500000
4883789062.500000
4885742187.500000
4887695312.500000
4889648437.500000
4891601562.500000
4893554687.500000
4895507812.500000
4897460937.500000
4899414062.500000
4901367187.500000
4903320312.500000
4905273437.500000
4907226562.500000
4909179687.500000
4911132812.500000
4913085937.500000
4915039062.500000
4916992187.500000
4918945312.500000
4920898437.500000
4922851562.500000
4924804687.500000
4926757812.500000
4928710937.500000
4930664062.500000
4932617187.500000
4934570312.500000
4936523437.500000
4938476562.500000
4940429687.500000
4942382812.500000
4944335937.500000
4946289062.500000
4948242187.500000
4950195312.500000
4952148437.500000
4954101562.500000
4956054687.500000
4958007812.500000
4959960937.500000
4961914062.500000
4963867187.500000
4965820312.500000
4967773437.500000
4969726562.500000
4971679687.500000
4973632812.500000
4975585937.500000
4977539062.500000
4979492187.500000
4981445312.500000
4983398437.500000
4985351562.500000
4987304687.500000
4989257812.500000
4991210937.500000
4993164062.500000
4995117187.500000
4997070312.500000
4999023437.500000
5000976562.500000
5002929687.500000
5004882812.500000
5006835937.500000
5008789062.500000
5010742187.500000
5012695312.500000
5014648437.500000
5016601562.500000
5018554687.500000
5020507812.500000
5022460937.500000
5024414062.500000
5026367187.500000
5028320312.500000
5030273437.500000
5032226562.500000
5034179687.500000
5036132812.500000
5038085937.500000
5040039062.500000
5041992187.500000
5043945312.500000
5045898437.500000
5047851562.500000
5049804687.500000
5051757812.500000
5053710937.500000
5055664062.500000
5057617187.500000
5059570312.500000
5061523437.500000
5063476562.500000
5065429687.500000
5067382812.500000
5069335937.500000
5071289062.500000
5073242187.500000
5075195312.500000
5077148437.500000
5079101562.500000
5081054687.500000
5083007812.500000
5084960937.500000
5086914062.500000
5088867187.500000
5090820312.500000
5092773437.500000
5094726562.500000
5096679687.500000
5098632812.500000
5100585937.500000
5102539062.500000
5104492187.500000
5106445312.500000
5108398437.500000
5110351562.500000
5112304687.500000
5114257812.500000
5116210937.500000
5118164062.500000
5120117187.500000
5122070312.500000
5124023437.500000
5125976562.500000
5127929687.500000
5129882812.500000
5131835937.500000
5133789062.500000
5135742187.500000
5137695312.500000
5139648437.500000
5141601562.500000
5143554687.500000
5145507812.500000
5147460937.500000
5149414062.500000
5151367187.500000
5153320312.500000
5155273437.500000
5157226562.500000
5159179687.500000
5161132812.500000
5163085937.500000
5165039062.500000
5166992187.500000
5168945312.500000
5170898437.500000
5172851562.500000
5174804687.500000
5176757812.500000
5178710937.500000
5180664062.500000
5182617187.500000
5184570312.500000
5186523437.500000
5188476562.500000
5190429687.500000
5192382812.500000
5194335937.500000
5196289062.500000
5198242187.500000
5200195312.500000
5202148437.500000
5204101562.500000
5206054687.500000
5208007812.500000
5209960937.500000
5211914062.500000
5213867187.500000
5215820312.500000
5217773437.500000
5219726562.500000
5221679687.500000
5223632812.500000
5225585937.500000
5227539062.500000
5229492187.500000
5231445312.500000
5233398437.500000
5235351562.500000
5237304687.500000
5239257812.500000
5241210937.500000
5243164062.500000
5245117187.500000
5247070312.500000
5249023437.500000
5250976562.500000
5252929687.500000
5254882812.500000
5256835937.500000
5258789062.500000
5260742187.500000
5262695312.500000
5264648437.500000
5266601562.500000
5268554687.500000
5270507812.500000
5272460937.500000
5274414062.500000
5276367187.500000
5278320312.500000
5280273437.500000
5282226562.500000
5284179687.500000
5286132812.500000
5288085937.500000
5290039062.500000
5291992187.500000
5293945312.500000
5295898437.500000
5297851562.500000
5299804687.500000
5301757812.500000
5303710937.500000
5305664062.500000
5307617187.500000
5309570312.500000
5311523437.500000
5313476562.500000
5315429687.500000
5317382812.500000
5319335937.500000
5321289062.500000
5323242187.500000
5325195312.500000
5327148437.500000
5329101562.500000
5331054687.500000
5333007812.500000
5334960937.500000
5336914062.500000
5338867187.500000
5340820312.500000
5342773437.500000
5344726562.500000
5346679687.500000
5348632812.500000
5350585937.500000
5352539062.500000
5354492187.500000
5356445312.500000
5358398437.500000
5360351562.500000
5362304687.500000
5364257812.500000
5366210937.500000
5368164062.500000
5370117187.500000
5372070312.500000
5374023437.500000
5375976562.500000
5377929687.500000
5379882812.500000
5381835937.500000
5383789062.500000
5385742187.500000
5387695312.500000
5389648437.500000
5391601562.500000
5393554687.500000
5395507812.500000
5397460937.500000
5399414062.500000
5401367187.500000
5403320312.500000
5405273437.500000
5407226562.500000
5409179687.500000
5411132812.500000
5413085937.500000
5415039062.500000
5416992187.500000
5418945312.500000
5420898437.500000
5422851562.500000
5424804687.500000
5426757812.500000
5428710937.500000
5430664062.500000
5432617187.500000
5434570312.500000
5436523437.500000
5438476562.500000
5440429687.500000
5442382812.500000
5444335937.500000
5446289062.500000
5448242187.500000
5450195312.500000
5452148437.500000
5454101562.500000
5456054687.500000
5458007812.500000
5459960937.500000
5461914062.500000
5463867187.500000
5465820312.500000
5467773437.500000
5469726562.500000
5471679687.500000
5473632812.500000
5475585937.500000
5477539062.500000
5479492187.500000
5481445312.500000
5483398437.500000
5485351562.500000
5487304687.500000
5489257812.500000
5491210937.500000
5493164062.500000
5495117187.500000
5497070312.500000
5499023437.500000
5500976562.500000
5502929687.500000
5504882812.500000
5506835937.500000
5508789062.500000
5510742187.500000
5512695312.500000
5514648437.500000
5516601562.500000
5518554687.500000
5520507812.500000
5522460937.500000
5524414062.500000
5526367187.500000
5528320312.500000
5530273437.500000
5532226562.500000
5534179687.500000
5536132812.500000
5538085937.500000
5540039062.500000
5541992187.500000
5543945312.500000
5545898437.500000
5547851562.500000
5549804687.500000
5551757812.500000
5553710937.500000
5555664062.500000
5557617187.500000
5559570312.500000
5561523437.500000
5563476562.500000
5565429687.500000
5567382812.500000
5569335937.500000
5571289062.500000
5573242187.500000
5575195312.500000
5577148437.500000
5579101562.500000
5581054687.500000
5583007812.500000
5584960937.500000
5586914062.500000
5588867187.500000
5590820312.500000
5592773437.500000
5594726562.500000
5596679687.500000
5598632812.500000
5600585937.500000
5602539062.500000
5604492187.500000
5606445312.500000
5608398437.500000
5610351562.500000
5612304687.500000
5614257812.500000
5616210937.500000
5618164062.500000
5620117187.500000
5622070312.500000
5624023437.500000
5625976562.500000
5627929687.500000
5629882812.500000
5631835937.500000
5633789062.500000
5635742187.500000
5637695312.500000
5639648437.500000
5641601562.500000
5643554687.500000
5645507812.500000
5647460937.500000
5649414062.500000
5651367187.500000
5653320312.500000
5655273437.500000
5657226562.500000
5659179687.500000
5661132812.500000
5663085937.500000
5665039062.500000
5666992187.500000
5668945312.500000
5670898437.500000
5672851562.500000
5674804687.500000
5676757812.500000
5678710937.500000
5680664062.500000
5682617187.500000
5684570312.500000
5686523437.500000
5688476562.500000
5690429687.500000
5692382812.500000
5694335937.500000
5696289062.500000
5698242187.500000
5700195312.500000
5702148437.500000
5704101562.500000
5706054687.500000
5708007812.500000
5709960937.500000
5711914062.500000
5713867187.500000
5715820312.500000
5717773437.500000
5719726562.500000
5721679687.500000
5723632812.500000
5725585937.500000
5727539062.500000
5729492187.500000
5731445312.500000
5733398437.500000
5735351562.500000
5737304687.500000
5739257812.500000
5741210937.500000
5743164062.500000
5745117187.500000
5747070312.500000
5749023437.500000
5750976562.500000
5752929687.500000
5754882812.500000
5756835937.500000
5758789062.500000
5760742187.500000
5762695312.500000
5764648437.500000
5766601562.500000
5768554687.500000
5770507812.500000
5772460937.500000
5774414062.500000
5776367187.500000
5778320312.500000
5780273437.500000
5782226562.500000
5784179687.500000
5786132812.500000
5788085937.500000
5790039062.500000
5791992187.500000
5793945312.500000
5795898437.500000
5797851562.500000
5799804687.500000
5801757812.500000
5803710937.500000
5805664062.500000
5807617187.500000
5809570312.500000
5811523437.500000
5813476562.500000
5815429687.500000
5817382812.500000
5819335937.500000
5821289062.500000
5823242187.500000
5825195312.500000
5827148437.500000
5829101562.500000
5831054687.500000
5833007812.500000
5834960937.500000
5836914062.500000
5838867187.500000
5840820312.500000
5842773437.500000
5844726562.500000
5846679687.500000
5848632812.500000
5850585937.500000
5852539062.500000
5854492187.500000
5856445312.500000
5858398437.500000
5860351562.500000
5862304687.500000
5864257812.500000
5866210937.500000
5868164062.500000
5870117187.500000
5872070312.500000
5874023437.500000
5875976562.500000
5877929687.500000
5879882812.500000
5881835937.500000
5883789062.500000
5885742187.500000
5887695312.500000
5889648437.500000
5891601562.500000
5893554687.500000
5895507812.500000
5897460937.500000
5899414062.500000
5901367187.500000
5903320312.500000
5905273437.500000
5907226562.500000
5909179687.500000
5911132812.500000
5913085937.500000
5915039062.500000
5916992187.500000
5918945312.500000
5920898437.500000
5922851562.500000
5924804687.500000
5926757812.500000
5928710937.500000
5930664062.500000
5932617187.500000
5934570312.500000
5936523437.500000
5938476562.500000
5940429687.500000
5942382812.500000
5944335937.500000
5946289062.500000
5948242187.500000
5950195312.500000
5952148437.500000
5954101562.500000
5956054687.500000
5958007812.500000
5959960937.500000
5961914062.500000
5963867187.500000
5965820312.500000
5967773437.500000
5969726562.500000
5971679687.500000
5973632812.500000
5975585937.500000
5977539062.500000
5979492187.500000
5981445312.500000
5983398437.500000
5985351562.500000
5987304687.500000
5989257812.500000
5991210937.500000
5993164062.500000
5995117187.500000
5997070312.500000
5999023437.500000
6000976562.500000
6002929687.500000
6004882812.500000
6006835937.500000
6008789062.500000
6010742187.500000
6012695312.500000
6014648437.500000
6016601562.500000
6018554687.500000
6020507812.500000
6022460937.500000
6024414062.500000
6026367187.500000
6028320312.500000
6030273437.500000
6032226562.500000
6034179687.500000
6036132812.500000
6038085937.500000
6040039062.500000
6041992187.500000
6043945312.500000
6045898437.500000
6047851562.500000
6049804687.500000
6051757812.500000
6053710937.500000
6055664062.500000
6057617187.500000
6059570312.500000
6061523437.500000
6063476562.500000
6065429687.500000
6067382812.500000
6069335937.500000
6071289062.500000
6073242187.500000
6075195312.500000
6077148437.500000
6079101562.500000
6081054687.500000
6083007812.500000
6084960937.500000
6086914062.500000
6088867187.500000
6090820312.500000
6092773437.500000
6094726562.500000
6096679687.500000
6098632812.500000
6100585937.500000
6102539062.500000
6104492187.500000
6106445312.500000
6108398437.500000
6110351562.500000
6112304687.500000
6114257812.500000
6116210937.500000
6118164062.500000
6120117187.500000
6122070312.500000
6124023437.500000
6125976562.500000
6127929687.500000
6129882812.500000
6131835937.500000
6133789062.500000
6135742187.500000
6137695312.500000
6139648437.500000
6141601562.500000
6143554687.500000
6145507812.500000
6147460937.500000
6149414062.500000
6151367187.500000
6153320312.500000
6155273437.500000
6157226562.500000
6159179687.500000
6161132812.500000
6163085937.500000
6165039062.500000
6166992187.500000
6168945312.500000
6170898437.500000
6172851562.500000
6174804687.500000
6176757812.500000
6178710937.500000
6180664062.500000
6182617187.500000
6184570312.500000
6186523437.500000
6188476562.500000
6190429687.500000
6192382812.500000
6194335937.500000
6196289062.500000
6198242187.500000
6200195312.500000
6202148437.500000
6204101562.500000
6206054687.500000
6208007812.500000
6209960937.500000
6211914062.500000
6213867187.500000
6215820312.500000
6217773437.500000
6219726562.500000
6221679687.500000
6223632812.500000
6225585937.500000
6227539062.500000
6229492187.500000
6231445312.500000
6233398437.500000
6235351562.500000
6237304687.500000
6239257812.500000
6241210937.500000
6243164062.500000
6245117187.500000
6247070312.500000
6249023437.500000
6250976562.500000
6252929687.500000
6254882812.500000
6256835937.500000
6258789062.500000
6260742187.500000
6262695312.500000
6264648437.500000
6266601562.500000
6268554687.500000
6270507812.500000
6272460937.500000
6274414062.500000
6276367187.500000
6278320312.500000
6280273437.500000
6282226562.500000
6284179687.500000
6286132812.500000
6288085937.500000
6290039062.500000
6291992187.500000
6293945312.500000
6295898437.500000
6297851562.500000
6299804687.500000
6301757812.500000
6303710937.500000
6305664062.500000
6307617187.500000
6309570312.500000
6311523437.500000
6313476562.500000
6315429687.500000
6317382812.500000
6319335937.500000
6321289062.500000
6323242187.500000
6325195312.500000
6327148437.500000
6329101562.500000
6331054687.500000
6333007812.500000
6334960937.500000
6336914062.500000
6338867187.500000
6340820312.500000
6342773437.500000
6344726562.500000
6346679687.500000
6348632812.500000
6350585937.500000
6352539062.500000
6354492187.500000
6356445312.500000
6358398437.500000
6360351562.500000
6362304687.500000
6364257812.500000
6366210937.500000
6368164062.500000
6370117187.500000
6372070312.500000
6374023437.500000
6375976562.500000
6377929687.500000
6379882812.500000
6381835937.500000
6383789062.500000
6385742187.500000
6387695312.500000
6389648437.500000
6391601562.500000
6393554687.500000
6395507812.500000
6397460937.500000
6399414062.500000
6401367187.500000
6403320312.500000
6405273437.500000
6407226562.500000
6409179687.500000
6411132812.500000
6413085937.500000
6415039062.500000
6416992187.500000
6418945312.500000
6420898437.500000
6422851562.500000
6424804687.500000
6426757812.500000
6428710937.500000
6430664062.500000
6432617187.500000
6434570312.500000
6436523437.500000
6438476562.500000
6440429687.500000
6442382812.500000
6444335937.500000
6446289062.500000
6448242187.500000
6450195312.500000
6452148437.500000
6454101562.500000
6456054687.500000
6458007812.500000
6459960937.500000
6461914062.500000
6463867187.500000
6465820312.500000
6467773437.500000
6469726562.500000
6471679687.500000
6473632812.500000
6475585937.500000
6477539062.500000
6479492187.500000
6481445312.500000
6483398437.500000
6485351562.500000
6487304687.500000
6489257812.500000
6491210937.500000
6493164062.500000
6495117187.500000
6497070312.500000
6499023437.500000
6500976562.500000
6502929687.500000
6504882812.500000
6506835937.500000
6508789062.500000
6510742187.500000
6512695312.500000
6514648437.500000
6516601562.500000
6518554687.500000
6520507812.500000
6522460937.500000
6524414062.500000
6526367187.500000
6528320312.500000
6530273437.500000
6532226562.500000
6534179687.500000
6536132812.500000
6538085937.500000
6540039062.500000
6541992187.500000
6543945312.500000
6545898437.500000
6547851562.500000
6549804687.500000
6551757812.500000
6553710937.500000
6555664062.500000
6557617187.500000
6559570312.500000
6561523437.500000
6563476562.500000
6565429687.500000
6567382812.500000
6569335937.500000
6571289062.500000
6573242187.500000
6575195312.500000
6577148437.500000
6579101562.500000
6581054687.500000
6583007812.500000
6584960937.500000
6586914062.500000
6588867187.500000
6590820312.500000
6592773437.500000
6594726562.500000
6596679687.500000
6598632812.500000
6600585937.500000
6602539062.500000
6604492187.500000
6606445312.500000
6608398437.500000
6610351562.500000
6612304687.500000
6614257812.500000
6616210937.500000
6618164062.500000
6620117187.500000
6622070312.500000
6624023437.500000
6625976562.500000
6627929687.500000
6629882812.500000
6631835937.500000
6633789062.500000
6635742187.500000
6637695312.500000
6639648437.500000
6641601562.500000
6643554687.500000
6645507812.500000
6647460937.500000
6649414062.500000
6651367187.500000
6653320312.500000
6655273437.500000
6657226562.500000
6659179687.500000
6661132812.500000
6663085937.500000
6665039062.500000
6666992187.500000
6668945312.500000
6670898437.500000
6672851562.500000
6674804687.500000
6676757812.500000
6678710937.500000
6680664062.500000
6682617187.500000
6684570312.500000
6686523437.500000
6688476562.500000
6690429687.500000
6692382812.500000
6694335937.500000
6696289062.500000
6698242187.500000
6700195312.500000
6702148437.500000
6704101562.500000
6706054687.500000
6708007812.500000
6709960937.500000
6711914062.500000
6713867187.500000
6715820312.500000
6717773437.500000
6719726562.500000
6721679687.500000
6723632812.500000
6725585937.500000
6727539062.500000
6729492187.500000
6731445312.500000
6733398437.500000
6735351562.500000
6737304687.500000
6739257812.500000
6741210937.500000
6743164062.500000
6745117187.500000
6747070312.500000
6749023437.500000
6750976562.500000
6752929687.500000
6754882812.500000
6756835937.500000
6758789062.500000
6760742187.500000
6762695312.500000
6764648437.500000
6766601562.500000
6768554687.500000
6770507812.500000
6772460937.500000
6774414062.500000
6776367187.500000
6778320312.500000
6780273437.500000
6782226562.500000
6784179687.500000
6786132812.500000
6788085937.500000
6790039062.500000
6791992187.500000
6793945312.500000
6795898437.500000
6797851562.500000
6799804687.500000
6801757812.500000
6803710937.500000
6805664062.500000
6807617187.500000
6809570312.500000
6811523437.500000
6813476562.500000
6815429687.500000
6817382812.500000
6819335937.500000
6821289062.500000
6823242187.500000
6825195312.500000
6827148437.500000
6829101562.500000
6831054687.500000
6833007812.500000
6834960937.500000
6836914062.500000
6838867187.500000
6840820312.500000
6842773437.500000
6844726562.500000
6846679687.500000
6848632812.500000
6850585937.500000
6852539062.500000
6854492187.500000
6856445312.500000
6858398437.500000
6860351562.500000
6862304687.500000
6864257812.500000
6866210937.500000
6868164062.500000
6870117187.500000
6872070312.500000
6874023437.500000
6875976562.500000
6877929687.500000
6879882812.500000
6881835937.500000
6883789062.500000
6885742187.500000
6887695312.500000
6889648437.500000
6891601562.500000
6893554687.500000
6895507812.500000
6897460937.500000
6899414062.500000
6901367187.500000
6903320312.500000
6905273437.500000
6907226562.500000
6909179687.500000
6911132812.500000
6913085937.500000
6915039062.500000
6916992187.500000
6918945312.500000
6920898437.500000
6922851562.500000
6924804687.500000
6926757812.500000
6928710937.500000
6930664062.500000
6932617187.500000
6934570312.500000
6936523437.500000
6938476562.500000
6940429687.500000
6942382812.500000
6944335937.500000
6946289062.500000
6948242187.500000
6950195312.500000
6952148437.500000
6954101562.500000
6956054687.500000
6958007812.500000
6959960937.500000
6961914062.500000
6963867187.500000
6965820312.500000
6967773437.500000
6969726562.500000
6971679687.500000
6973632812.500000
6975585937.500000
6977539062.500000
6979492187.500000
6981445312.500000
6983398437.500000
6985351562.500000
6987304687.500000
6989257812.500000
6991210937.500000
6993164062.500000
6995117187.500000
6997070312.500000
6999023437.500000
7000976562.500000
7002929687.500000
7004882812.500000
7006835937.500000
7008789062.500000
7010742187.500000
7012695312.500000
7014648437.500000
7016601562.500000
7018554687.500000
7020507812.500000
7022460937.500000
7024414062.500000
7026367187.500000
7028320312.500000
7030273437.500000
7032226562.500000
7034179687.500000
7036132812.500000
7038085937.500000
7040039062.500000
7041992187.500000
7043945312.500000
7045898437.500000
7047851562.500000
7049804687.500000
7051757812.500000
7053710937.500000
7055664062.500000
7057617187.500000
7059570312.500000
7061523437.500000
7063476562.500000
7065429687.500000
7067382812.500000
7069335937.500000
7071289062.500000
7073242187.500000
7075195312.500000
7077148437.500000
7079101562.500000
7081054687.500000
7083007812.500000
7084960937.500000
7086914062.500000
7088867187.500000
7090820312.500000
7092773437.500000
7094726562.500000
7096679687.500000
7098632812.500000
7100585937.500000
7102539062.500000
7104492187.500000
7106445312.500000
7108398437.500000
7110351562.500000
7112304687.500000
7114257812.500000
7116210937.500000
7118164062.500000
7120117187.500000
7122070312.500000
7124023437.500000
7125976562.500000
7127929687.500000
7129882812.500000
7131835937.500000
7133789062.500000
7135742187.500000
7137695312.500000
7139648437.500000
7141601562.500000
7143554687.500000
7145507812.500000
7147460937.500000
7149414062.500000
7151367187.500000
7153320312.500000
7155273437.500000
7157226562.500000
7159179687.500000
7161132812.500000
7163085937.500000
7165039062.500000
7166992187.500000
7168945312.500000
7170898437.500000
7172851562.500000
7174804687.500000
7176757812.500000
7178710937.500000
7180664062.500000
7182617187.500000
7184570312.500000
7186523437.500000
7188476562.500000
7190429687.500000
7192382812.500000
7194335937.500000
7196289062.500000
7198242187.500000
7200195312.500000
7202148437.500000
7204101562.500000
7206054687.500000
7208007812.500000
7209960937.500000
7211914062.500000
7213867187.500000
7215820312.500000
7217773437.500000
7219726562.500000
7221679687.500000
7223632812.500000
7225585937.500000
7227539062.500000
7229492187.500000
7231445312.500000
7233398437.500000
7235351562.500000
7237304687.500000
7239257812.500000
7241210937.500000
7243164062.500000
7245117187.500000
7247070312.500000
7249023437.500000
7250976562.500000
7252929687.500000
7254882812.500000
7256835937.500000
7258789062.500000
7260742187.500000
7262695312.500000
7264648437.500000
7266601562.500000
7268554687.500000
7270507812.500000
7272460937.500000
7274414062.500000
7276367187.500000
7278320312.500000
7280273437.500000
7282226562.500000
7284179687.500000
7286132812.500000
7288085937.500000
7290039062.500000
7291992187.500000
7293945312.500000
7295898437.500000
7297851562.500000
7299804687.500000
7301757812.500000
7303710937.500000
7305664062.500000
7307617187.500000
7309570312.500000
7311523437.500000
7313476562.500000
7315429687.500000
7317382812.500000
7319335937.500000
7321289062.500000
7323242187.500000
7325195312.500000
7327148437.500000
7329101562.500000
7331054687.500000
7333007812.500000
7334960937.500000
7336914062.500000
7338867187.500000
7340820312.500000
7342773437.500000
7344726562.500000
7346679687.500000
7348632812.500000
7350585937.500000
7352539062.500000
7354492187.500000
7356445312.500000
7358398437.500000
7360351562.500000
7362304687.500000
7364257812.500000
7366210937.500000
7368164062.500000
7370117187.500000
7372070312.500000
7374023437.500000
7375976562.500000
7377929687.500000
7379882812.500000
7381835937.500000
7383789062.500000
7385742187.500000
7387695312.500000
7389648437.500000
7391601562.500000
7393554687.500000
7395507812.500000
7397460937.500000
7399414062.500000
7401367187.500000
7403320312.500000
7405273437.500000
7407226562.500000
7409179687.500000
7411132812.500000
7413085937.500000
7415039062.500000
7416992187.500000
7418945312.500000
7420898437.500000
7422851562.500000
7424804687.500000
7426757812.500000
7428710937.500000
7430664062.500000
7432617187.500000
7434570312.500000
7436523437.500000
7438476562.500000
7440429687.500000
7442382812.500000
7444335937.500000
7446289062.500000
7448242187.500000
7450195312.500000
7452148437.500000
7454101562.500000
7456054687.500000
7458007812.500000
7459960937.500000
7461914062.500000
7463867187.500000
7465820312.500000
7467773437.500000
7469726562.500000
7471679687.500000
7473632812.500000
7475585937.500000
7477539062.500000
7479492187.500000
7481445312.500000
7483398437.500000
7485351562.500000
7487304687.500000
7489257812.500000
7491210937.500000
7493164062.500000
7495117187.500000
7497070312.500000
7499023437.500000
7500976562.500000
7502929687.500000
7504882812.500000
7506835937.500000
7508789062.500000
7510742187.500000
7512695312.500000
7514648437.500000
7516601562.500000
7518554687.500000
7520507812.500000
7522460937.500000
7524414062.500000
7526367187.500000
7528320312.500000
7530273437.500000
7532226562.500000
7534179687.500000
7536132812.500000
7538085937.500000
7540039062.500000
7541992187.500000
7543945312.500000
7545898437.500000
7547851562.500000
7549804687.500000
7551757812.500000
7553710937.500000
7555664062.500000
7557617187.500000
7559570312.500000
7561523437.500000
7563476562.500000
7565429687.500000
7567382812.500000
7569335937.500000
7571289062.500000
7573242187.500000
7575195312.500000
7577148437.500000
7579101562.500000
7581054687.500000
7583007812.500000
7584960937.500000
7586914062.500000
7588867187.500000
7590820312.500000
7592773437.500000
7594726562.500000
7596679687.500000
7598632812.500000
7600585937.500000
7602539062.500000
7604492187.500000
7606445312.500000
7608398437.500000
7610351562.500000
7612304687.500000
7614257812.500000
7616210937.500000
7618164062.500000
7620117187.500000
7622070312.500000
7624023437.500000
7625976562.500000
7627929687.500000
7629882812.500000
7631835937.500000
7633789062.500000
7635742187.500000
7637695312.500000
7639648437.500000
7641601562.500000
7643554687.500000
7645507812.500000
7647460937.500000
7649414062.500000
7651367187.500000
7653320312.500000
7655273437.500000
7657226562.500000
7659179687.500000
7661132812.500000
7663085937.500000
7665039062.500000
7666992187.500000
7668945312.500000
7670898437.500000
7672851562.500000
7674804687.500000
7676757812.500000
7678710937.500000
7680664062.500000
7682617187.500000
7684570312.500000
7686523437.500000
7688476562.500000
7690429687.500000
7692382812.500000
7694335937.500000
7696289062.500000
7698242187.500000
7700195312.500000
7702148437.500000
7704101562.500000
7706054687.500000
7708007812.500000
7709960937.500000
7711914062.500000
7713867187.500000
7715820312.500000
7717773437.500000
7719726562.500000
7721679687.500000
7723632812.500000
7725585937.500000
7727539062.500000
7729492187.500000
7731445312.500000
7733398437.500000
7735351562.500000
7737304687.500000
7739257812.500000
7741210937.500000
7743164062.500000
7745117187.500000
7747070312.500000
7749023437.500000
7750976562.500000
7752929687.500000
7754882812.500000
7756835937.500000
7758789062.500000
7760742187.500000
7762695312.500000
7764648437.500000
7766601562.500000
7768554687.500000
7770507812.500000
7772460937.500000
7774414062.500000
7776367187.500000
7778320312.500000
7780273437.500000
7782226562.500000
7784179687.500000
7786132812.500000
7788085937.500000
7790039062.500000
7791992187.500000
7793945312.500000
7795898437.500000
7797851562.500000
7799804687.500000
7801757812.500000
7803710937.500000
7805664062.500000
7807617187.500000
7809570312.500000
7811523437.500000
7813476562.500000
7815429687.500000
7817382812.500000
7819335937.500000
7821289062.500000
7823242187.500000
7825195312.500000
7827148437.500000
7829101562.500000
7831054687.500000
7833007812.500000
7834960937.500000
7836914062.500000
7838867187.500000
7840820312.500000
7842773437.500000
7844726562.500000
7846679687.500000
7848632812.500000
7850585937.500000
7852539062.500000
7854492187.500000
7856445312.500000
7858398437.500000
7860351562.500000
7862304687.500000
7864257812.500000
7866210937.500000
7868164062.500000
7870117187.500000
7872070312.500000
7874023437.500000
7875976562.500000
7877929687.500000
7879882812.500000
7881835937.500000
7883789062.500000
7885742187.500000
7887695312.500000
7889648437.500000
7891601562.500000
7893554687.500000
7895507812.500000
7897460937.500000
7899414062.500000
7901367187.500000
7903320312.500000
7905273437.500000
7907226562.500000
7909179687.500000
7911132812.500000
7913085937.500000
7915039062.500000
7916992187.500000
7918945312.500000
7920898437.500000
7922851562.500000
7924804687.500000
7926757812.500000
7928710937.500000
7930664062.500000
7932617187.500000
7934570312.500000
7936523437.500000
7938476562.500000
7940429687.500000
7942382812.500000
7944335937.500000
7946289062.500000
7948242187.500000
7950195312.500000
7952148437.500000
7954101562.500000
7956054687.500000
7958007812.500000
7959960937.500000
7961914062.500000
7963867187.500000
7965820312.500000
7967773437.500000
7969726562.500000
7971679687.500000
7973632812.500000
7975585937.500000
7977539062.500000
7979492187.500000
7981445312.500000
7983398437.500000
7985351562.500000
7987304687.500000
7989257812.500000
7991210937.500000
7993164062.500000
7995117187.500000
7997070312.500000
7999023437.500000
