8000976562.500000
8002929687.500000
8004882812.500000
8006835937.500000
8008789062.500000
8010742187.500000
8012695312.500000
8014648437.500000
8016601562.500000
8018554687.500000
8020507812.500000
8022460937.500000
8024414062.500000
8026367187.500000
8028320312.500000
8030273437.500000
8032226562.500000
8034179687.500000
8036132812.500000
8038085937.500000
8040039062.500000
8041992187.500000
8043945312.500000
8045898437.500000
8047851562.500000
8049804687.500000
8051757812.500000
8053710937.500000
8055664062.500000
8057617187.500000
8059570312.500000
8061523437.500000
8063476562.500000
8065429687.500000
8067382812.500000
8069335937.500000
8071289062.500000
8073242187.500000
8075195312.500000
8077148437.500000
8079101562.500000
8081054687.500000
8083007812.500000
8084960937.500000
8086914062.500000
8088867187.500000
8090820312.500000
8092773437.500000
8094726562.500000
8096679687.500000
8098632812.500000
8100585937.500000
8102539062.500000
8104492187.500000
8106445312.500000
8108398437.500000
8110351562.500000
8112304687.500000
8114257812.500000
8116210937.500000
8118164062.500000
8120117187.500000
8122070312.500000
8124023437.500000
8125976562.500000
8127929687.500000
8129882812.500000
8131835937.500000
8133789062.500000
8135742187.500000
8137695312.500000
8139648437.500000
8141601562.500000
8143554687.500000
8145507812.500000
8147460937.500000
8149414062.500000
8151367187.500000
8153320312.500000
8155273437.500000
8157226562.500000
8159179687.500000
8161132812.500000
8163085937.500000
8165039062.500000
8166992187.500000
8168945312.500000
8170898437.500000
8172851562.500000
8174804687.500000
8176757812.500000
8178710937.500000
8180664062.500000
8182617187.500000
8184570312.500000
8186523437.500000
8188476562.500000
8190429687.500000
8192382812.500000
8194335937.500000
8196289062.500000
8198242187.500000
8200195312.500000
8202148437.500000
8204101562.500000
8206054687.500000
8208007812.500000
8209960937.500000
8211914062.500000
8213867187.500000
8215820312.500000
8217773437.500000
8219726562.500000
8221679687.500000
8223632812.500000
8225585937.500000
8227539062.500000
8229492187.500000
8231445312.500000
8233398437.500000
8235351562.500000
8237304687.500000
8239257812.500000
8241210937.500000
8243164062.500000
8245117187.500000
8247070312.500000
8249023437.500000
8250976562.500000
8252929687.500000
8254882812.500000
8256835937.500000
8258789062.500000
8260742187.500000
8262695312.500000
8264648437.500000
8266601562.500000
8268554687.500000
8270507812.500000
8272460937.500000
8274414062.500000
8276367187.500000
8278320312.500000
8280273437.500000
8282226562.500000
8284179687.500000
8286132812.500000
8288085937.500000
8290039062.500000
8291992187.500000
8293945312.500000
8295898437.500000
8297851562.500000
8299804687.500000
8301757812.500000
8303710937.500000
8305664062.500000
8307617187.500000
8309570312.500000
8311523437.500000
8313476562.500000
8315429687.500000
8317382812.500000
8319335937.500000
8321289062.500000
8323242187.500000
8325195312.500000
8327148437.500000
8329101562.500000
8331054687.500000
8333007812.500000
8334960937.500000
8336914062.500000
8338867187.500000
8340820312.500000
8342773437.500000
8344726562.500000
8346679687.500000
8348632812.500000
8350585937.500000
8352539062.500000
8354492187.500000
8356445312.500000
8358398437.500000
8360351562.500000
8362304687.500000
8364257812.500000
8366210937.500000
8368164062.500000
8370117187.500000
8372070312.500000
8374023437.500000
8375976562.500000
8377929687.500000
8379882812.500000
8381835937.500000
8383789062.500000
8385742187.500000
8387695312.500000
8389648437.500000
8391601562.500000
8393554687.500000
8395507812.500000
8397460937.500000
8399414062.500000
8401367187.500000
8403320312.500000
8405273437.500000
8407226562.500000
8409179687.500000
8411132812.500000
8413085937.500000
8415039062.500000
8416992187.500000
8418945312.500000
8420898437.500000
8422851562.500000
8424804687.500000
8426757812.500000
8428710937.500000
8430664062.500000
8432617187.500000
8434570312.500000
8436523437.500000
8438476562.500000
8440429687.500000
8442382812.500000
8444335937.500000
8446289062.500000
8448242187.500000
8450195312.500000
8452148437.500000
8454101562.500000
8456054687.500000
8458007812.500000
8459960937.500000
8461914062.500000
8463867187.500000
8465820312.500000
8467773437.500000
8469726562.500000
8471679687.500000
8473632812.500000
8475585937.500000
8477539062.500000
8479492187.500000
8481445312.500000
8483398437.500000
8485351562.500000
8487304687.500000
8489257812.500000
8491210937.500000
8493164062.500000
8495117187.500000
8497070312.500000
8499023437.500000
8500976562.500000
8502929687.500000
8504882812.500000
8506835937.500000
8508789062.500000
8510742187.500000
8512695312.500000
8514648437.500000
8516601562.500000
8518554687.500000
8520507812.500000
8522460937.500000
8524414062.500000
8526367187.500000
8528320312.500000
8530273437.500000
8532226562.500000
8534179687.500000
8536132812.500000
8538085937.500000
8540039062.500000
8541992187.500000
8543945312.500000
8545898437.500000
8547851562.500000
8549804687.500000
8551757812.500000
8553710937.500000
8555664062.500000
8557617187.500000
8559570312.500000
8561523437.500000
8563476562.500000
8565429687.500000
8567382812.500000
8569335937.500000
8571289062.500000
8573242187.500000
8575195312.500000
8577148437.500000
8579101562.500000
8581054687.500000
8583007812.500000
8584960937.500000
8586914062.500000
8588867187.500000
8590820312.500000
8592773437.500000
8594726562.500000
8596679687.500000
8598632812.500000
8600585937.500000
8602539062.500000
8604492187.500000
8606445312.500000
8608398437.500000
8610351562.500000
8612304687.500000
8614257812.500000
8616210937.500000
8618164062.500000
8620117187.500000
8622070312.500000
8624023437.500000
8625976562.500000
8627929687.500000
8629882812.500000
8631835937.500000
8633789062.500000
8635742187.500000
8637695312.500000
8639648437.500000
8641601562.500000
8643554687.500000
8645507812.500000
8647460937.500000
8649414062.500000
8651367187.500000
8653320312.500000
8655273437.500000
8657226562.500000
8659179687.500000
8661132812.500000
8663085937.500000
8665039062.500000
8666992187.500000
8668945312.500000
8670898437.500000
8672851562.500000
8674804687.500000
8676757812.500000
8678710937.500000
8680664062.500000
8682617187.500000
8684570312.500000
8686523437.500000
8688476562.500000
8690429687.500000
8692382812.500000
8694335937.500000
8696289062.500000
8698242187.500000
8700195312.500000
8702148437.500000
8704101562.500000
8706054687.500000
8708007812.500000
8709960937.500000
8711914062.500000
8713867187.500000
8715820312.500000
8717773437.500000
8719726562.500000
8721679687.500000
8723632812.500000
8725585937.500000
8727539062.500000
8729492187.500000
8731445312.500000
8733398437.500000
8735351562.500000
8737304687.500000
8739257812.500000
8741210937.500000
8743164062.500000
8745117187.500000
8747070312.500000
8749023437.500000
8750976562.500000
8752929687.500000
8754882812.500000
8756835937.500000
8758789062.500000
8760742187.500000
8762695312.500000
8764648437.500000
8766601562.500000
8768554687.500000
8770507812.500000
8772460937.500000
8774414062.500000
8776367187.500000
8778320312.500000
8780273437.500000
8782226562.500000
8784179687.500000
8786132812.500000
8788085937.500000
8790039062.500000
8791992187.500000
8793945312.500000
8795898437.500000
8797851562.500000
8799804687.500000
8801757812.500000
8803710937.500000
8805664062.500000
8807617187.500000
8809570312.500000
8811523437.500000
8813476562.500000
8815429687.500000
8817382812.500000
8819335937.500000
8821289062.500000
8823242187.500000
8825195312.500000
8827148437.500000
8829101562.500000
8831054687.500000
8833007812.500000
8834960937.500000
8836914062.500000
8838867187.500000
8840820312.500000
8842773437.500000
8844726562.500000
8846679687.500000
8848632812.500000
8850585937.500000
8852539062.500000
8854492187.500000
8856445312.500000
8858398437.500000
8860351562.500000
8862304687.500000
8864257812.500000
8866210937.500000
8868164062.500000
8870117187.500000
8872070312.500000
8874023437.500000
8875976562.500000
8877929687.500000
8879882812.500000
8881835937.500000
8883789062.500000
8885742187.500000
8887695312.500000
8889648437.500000
8891601562.500000
8893554687.500000
8895507812.500000
8897460937.500000
8899414062.500000
8901367187.500000
8903320312.500000
8905273437.500000
8907226562.500000
8909179687.500000
8911132812.500000
8913085937.500000
8915039062.500000
8916992187.500000
8918945312.500000
8920898437.500000
8922851562.500000
8924804687.500000
8926757812.500000
8928710937.500000
8930664062.500000
8932617187.500000
8934570312.500000
8936523437.500000
8938476562.500000
8940429687.500000
8942382812.500000
8944335937.500000
8946289062.500000
8948242187.500000
8950195312.500000
8952148437.500000
8954101562.500000
8956054687.500000
8958007812.500000
8959960937.500000
8961914062.500000
8963867187.500000
8965820312.500000
8967773437.500000
8969726562.500000
8971679687.500000
8973632812.500000
8975585937.500000
8977539062.500000
8979492187.500000
8981445312.500000
8983398437.500000
8985351562.500000
8987304687.500000
8989257812.500000
8991210937.500000
8993164062.500000
8995117187.500000
8997070312.500000
8999023437.500000
9000976562.500000
9002929687.500000
9004882812.500000
9006835937.500000
9008789062.500000
9010742187.500000
9012695312.500000
9014648437.500000
9016601562.500000
9018554687.500000
9020507812.500000
9022460937.500000
9024414062.500000
9026367187.500000
9028320312.500000
9030273437.500000
9032226562.500000
9034179687.500000
9036132812.500000
9038085937.500000
9040039062.500000
9041992187.500000
9043945312.500000
9045898437.500000
9047851562.500000
9049804687.500000
9051757812.500000
9053710937.500000
9055664062.500000
9057617187.500000
9059570312.500000
9061523437.500000
9063476562.500000
9065429687.500000
9067382812.500000
9069335937.500000
9071289062.500000
9073242187.500000
9075195312.500000
9077148437.500000
9079101562.500000
9081054687.500000
9083007812.500000
9084960937.500000
9086914062.500000
9088867187.500000
9090820312.500000
9092773437.500000
9094726562.500000
9096679687.500000
9098632812.500000
9100585937.500000
9102539062.500000
9104492187.500000
9106445312.500000
9108398437.500000
9110351562.500000
9112304687.500000
9114257812.500000
9116210937.500000
9118164062.500000
9120117187.500000
9122070312.500000
9124023437.500000
9125976562.500000
9127929687.500000
9129882812.500000
9131835937.500000
9133789062.500000
9135742187.500000
9137695312.500000
9139648437.500000
9141601562.500000
9143554687.500000
9145507812.500000
9147460937.500000
9149414062.500000
9151367187.500000
9153320312.500000
9155273437.500000
9157226562.500000
9159179687.500000
9161132812.500000
9163085937.500000
9165039062.500000
9166992187.500000
9168945312.500000
9170898437.500000
9172851562.500000
9174804687.500000
9176757812.500000
9178710937.500000
9180664062.500000
9182617187.500000
9184570312.500000
9186523437.500000
9188476562.500000
9190429687.500000
9192382812.500000
9194335937.500000
9196289062.500000
9198242187.500000
9200195312.500000
9202148437.500000
9204101562.500000
9206054687.500000
9208007812.500000
9209960937.500000
9211914062.500000
9213867187.500000
9215820312.500000
9217773437.500000
9219726562.500000
9221679687.500000
9223632812.500000
9225585937.500000
9227539062.500000
9229492187.500000
9231445312.500000
9233398437.500000
9235351562.500000
9237304687.500000
9239257812.500000
9241210937.500000
9243164062.500000
9245117187.500000
9247070312.500000
9249023437.500000
9250976562.500000
9252929687.500000
9254882812.500000
9256835937.500000
9258789062.500000
9260742187.500000
9262695312.500000
9264648437.500000
9266601562.500000
9268554687.500000
9270507812.500000
9272460937.500000
9274414062.500000
9276367187.500000
9278320312.500000
9280273437.500000
9282226562.500000
9284179687.500000
9286132812.500000
9288085937.500000
9290039062.500000
9291992187.500000
9293945312.500000
9295898437.500000
9297851562.500000
9299804687.500000
9301757812.500000
9303710937.500000
9305664062.500000
9307617187.500000
9309570312.500000
9311523437.500000
9313476562.500000
9315429687.500000
9317382812.500000
9319335937.500000
9321289062.500000
9323242187.500000
9325195312.500000
9327148437.500000
9329101562.500000
9331054687.500000
9333007812.500000
9334960937.500000
9336914062.500000
9338867187.500000
9340820312.500000
9342773437.500000
9344726562.500000
9346679687.500000
9348632812.500000
9350585937.500000
9352539062.500000
9354492187.500000
9356445312.500000
9358398437.500000
9360351562.500000
9362304687.500000
9364257812.500000
9366210937.500000
9368164062.500000
9370117187.500000
9372070312.500000
9374023437.500000
9375976562.500000
9377929687.500000
9379882812.500000
9381835937.500000
9383789062.500000
9385742187.500000
9387695312.500000
9389648437.500000
9391601562.500000
9393554687.500000
9395507812.500000
9397460937.500000
9399414062.500000
9401367187.500000
9403320312.500000
9405273437.500000
9407226562.500000
9409179687.500000
9411132812.500000
9413085937.500000
9415039062.500000
9416992187.500000
9418945312.500000
9420898437.500000
9422851562.500000
9424804687.500000
9426757812.500000
9428710937.500000
9430664062.500000
9432617187.500000
9434570312.500000
9436523437.500000
9438476562.500000
9440429687.500000
9442382812.500000
9444335937.500000
9446289062.500000
9448242187.500000
9450195312.500000
9452148437.500000
9454101562.500000
9456054687.500000
9458007812.500000
9459960937.500000
9461914062.500000
9463867187.500000
9465820312.500000
9467773437.500000
9469726562.500000
9471679687.500000
9473632812.500000
9475585937.500000
9477539062.500000
9479492187.500000
9481445312.500000
9483398437.500000
9485351562.500000
9487304687.500000
9489257812.500000
9491210937.500000
9493164062.500000
9495117187.500000
9497070312.500000
9499023437.500000
9500976562.500000
9502929687.500000
9504882812.500000
9506835937.500000
9508789062.500000
9510742187.500000
9512695312.500000
9514648437.500000
9516601562.500000
9518554687.500000
9520507812.500000
9522460937.500000
9524414062.500000
9526367187.500000
9528320312.500000
9530273437.500000
9532226562.500000
9534179687.500000
9536132812.500000
9538085937.500000
9540039062.500000
9541992187.500000
9543945312.500000
9545898437.500000
9547851562.500000
9549804687.500000
9551757812.500000
9553710937.500000
9555664062.500000
9557617187.500000
9559570312.500000
9561523437.500000
9563476562.500000
9565429687.500000
9567382812.500000
9569335937.500000
9571289062.500000
9573242187.500000
9575195312.500000
9577148437.500000
9579101562.500000
9581054687.500000
9583007812.500000
9584960937.500000
9586914062.500000
9588867187.500000
9590820312.500000
9592773437.500000
9594726562.500000
9596679687.500000
9598632812.500000
9600585937.500000
9602539062.500000
9604492187.500000
9606445312.500000
9608398437.500000
9610351562.500000
9612304687.500000
9614257812.500000
9616210937.500000
9618164062.500000
9620117187.500000
9622070312.500000
9624023437.500000
9625976562.500000
9627929687.500000
9629882812.500000
9631835937.500000
9633789062.500000
9635742187.500000
9637695312.500000
9639648437.500000
9641601562.500000
9643554687.500000
9645507812.500000
9647460937.500000
9649414062.500000
9651367187.500000
9653320312.500000
9655273437.500000
9657226562.500000
9659179687.500000
9661132812.500000
9663085937.500000
9665039062.500000
9666992187.500000
9668945312.500000
9670898437.500000
9672851562.500000
9674804687.500000
9676757812.500000
9678710937.500000
9680664062.500000
9682617187.500000
9684570312.500000
9686523437.500000
9688476562.500000
9690429687.500000
9692382812.500000
9694335937.500000
9696289062.500000
9698242187.500000
9700195312.500000
9702148437.500000
9704101562.500000
9706054687.500000
9708007812.500000
9709960937.500000
9711914062.500000
9713867187.500000
9715820312.500000
9717773437.500000
9719726562.500000
9721679687.500000
9723632812.500000
9725585937.500000
9727539062.500000
9729492187.500000
9731445312.500000
9733398437.500000
9735351562.500000
9737304687.500000
9739257812.500000
9741210937.500000
9743164062.500000
9745117187.500000
9747070312.500000
9749023437.500000
9750976562.500000
9752929687.500000
9754882812.500000
9756835937.500000
9758789062.500000
9760742187.500000
9762695312.500000
9764648437.500000
9766601562.500000
9768554687.500000
9770507812.500000
9772460937.500000
9774414062.500000
9776367187.500000
9778320312.500000
9780273437.500000
9782226562.500000
9784179687.500000
9786132812.500000
9788085937.500000
9790039062.500000
9791992187.500000
9793945312.500000
9795898437.500000
9797851562.500000
9799804687.500000
9801757812.500000
9803710937.500000
9805664062.500000
9807617187.500000
9809570312.500000
9811523437.500000
9813476562.500000
9815429687.500000
9817382812.500000
9819335937.500000
9821289062.500000
9823242187.500000
9825195312.500000
9827148437.500000
9829101562.500000
9831054687.500000
9833007812.500000
9834960937.500000
9836914062.500000
9838867187.500000
9840820312.500000
9842773437.500000
9844726562.500000
9846679687.500000
9848632812.500000
9850585937.500000
9852539062.500000
9854492187.500000
9856445312.500000
9858398437.500000
9860351562.500000
9862304687.500000
9864257812.500000
9866210937.500000
9868164062.500000
9870117187.500000
9872070312.500000
9874023437.500000
9875976562.500000
9877929687.500000
9879882812.500000
9881835937.500000
9883789062.500000
9885742187.500000
9887695312.500000
9889648437.500000
9891601562.500000
9893554687.500000
9895507812.500000
9897460937.500000
9899414062.500000
9901367187.500000
9903320312.500000
9905273437.500000
9907226562.500000
9909179687.500000
9911132812.500000
9913085937.500000
9915039062.500000
9916992187.500000
9918945312.500000
9920898437.500000
9922851562.500000
9924804687.500000
9926757812.500000
9928710937.500000
9930664062.500000
9932617187.500000
9934570312.500000
9936523437.500000
9938476562.500000
9940429687.500000
9942382812.500000
9944335937.500000
9946289062.500000
9948242187.500000
9950195312.500000
9952148437.500000
9954101562.500000
9956054687.500000
9958007812.500000
9959960937.500000
9961914062.500000
9963867187.500000
9965820312.500000
9967773437.500000
9969726562.500000
9971679687.500000
9973632812.500000
9975585937.500000
9977539062.500000
9979492187.500000
9981445312.500000
9983398437.500000
9985351562.500000
9987304687.500000
9989257812.500000
9991210937.500000
9993164062.500000
9995117187.500000
9997070312.500000
9999023437.500000
10000976562.500000
10002929687.500000
10004882812.500000
10006835937.500000
10008789062.500000
10010742187.500000
10012695312.500000
10014648437.500000
10016601562.500000
10018554687.500000
10020507812.500000
10022460937.500000
10024414062.500000
10026367187.500000
10028320312.500000
10030273437.500000
10032226562.500000
10034179687.500000
10036132812.500000
10038085937.500000
10040039062.500000
10041992187.500000
10043945312.500000
10045898437.500000
10047851562.500000
10049804687.500000
10051757812.500000
10053710937.500000
10055664062.500000
10057617187.500000
10059570312.500000
10061523437.500000
10063476562.500000
10065429687.500000
10067382812.500000
10069335937.500000
10071289062.500000
10073242187.500000
10075195312.500000
10077148437.500000
10079101562.500000
10081054687.500000
10083007812.500000
10084960937.500000
10086914062.500000
10088867187.500000
10090820312.500000
10092773437.500000
10094726562.500000
10096679687.500000
10098632812.500000
10100585937.500000
10102539062.500000
10104492187.500000
10106445312.500000
10108398437.500000
10110351562.500000
10112304687.500000
10114257812.500000
10116210937.500000
10118164062.500000
10120117187.500000
10122070312.500000
10124023437.500000
10125976562.500000
10127929687.500000
10129882812.500000
10131835937.500000
10133789062.500000
10135742187.500000
10137695312.500000
10139648437.500000
10141601562.500000
10143554687.500000
10145507812.500000
10147460937.500000
10149414062.500000
10151367187.500000
10153320312.500000
10155273437.500000
10157226562.500000
10159179687.500000
10161132812.500000
10163085937.500000
10165039062.500000
10166992187.500000
10168945312.500000
10170898437.500000
10172851562.500000
10174804687.500000
10176757812.500000
10178710937.500000
10180664062.500000
10182617187.500000
10184570312.500000
10186523437.500000
10188476562.500000
10190429687.500000
10192382812.500000
10194335937.500000
10196289062.500000
10198242187.500000
10200195312.500000
10202148437.500000
10204101562.500000
10206054687.500000
10208007812.500000
10209960937.500000
10211914062.500000
10213867187.500000
10215820312.500000
10217773437.500000
10219726562.500000
10221679687.500000
10223632812.500000
10225585937.500000
10227539062.500000
10229492187.500000
10231445312.500000
10233398437.500000
10235351562.500000
10237304687.500000
10239257812.500000
10241210937.500000
10243164062.500000
10245117187.500000
10247070312.500000
10249023437.500000
10250976562.500000
10252929687.500000
10254882812.500000
10256835937.500000
10258789062.500000
10260742187.500000
10262695312.500000
10264648437.500000
10266601562.500000
10268554687.500000
10270507812.500000
10272460937.500000
10274414062.500000
10276367187.500000
10278320312.500000
10280273437.500000
10282226562.500000
10284179687.500000
10286132812.500000
10288085937.500000
10290039062.500000
10291992187.500000
10293945312.500000
10295898437.500000
10297851562.500000
10299804687.500000
10301757812.500000
10303710937.500000
10305664062.500000
10307617187.500000
10309570312.500000
10311523437.500000
10313476562.500000
10315429687.500000
10317382812.500000
10319335937.500000
10321289062.500000
10323242187.500000
10325195312.500000
10327148437.500000
10329101562.500000
10331054687.500000
10333007812.500000
10334960937.500000
10336914062.500000
10338867187.500000
10340820312.500000
10342773437.500000
10344726562.500000
10346679687.500000
10348632812.500000
10350585937.500000
10352539062.500000
10354492187.500000
10356445312.500000
10358398437.500000
10360351562.500000
10362304687.500000
10364257812.500000
10366210937.500000
10368164062.500000
10370117187.500000
10372070312.500000
10374023437.500000
10375976562.500000
10377929687.500000
10379882812.500000
10381835937.500000
10383789062.500000
10385742187.500000
10387695312.500000
10389648437.500000
10391601562.500000
10393554687.500000
10395507812.500000
10397460937.500000
10399414062.500000
10401367187.500000
10403320312.500000
10405273437.500000
10407226562.500000
10409179687.500000
10411132812.500000
10413085937.500000
10415039062.500000
10416992187.500000
10418945312.500000
10420898437.500000
10422851562.500000
10424804687.500000
10426757812.500000
10428710937.500000
10430664062.500000
10432617187.500000
10434570312.500000
10436523437.500000
10438476562.500000
10440429687.500000
10442382812.500000
10444335937.500000
10446289062.500000
10448242187.500000
10450195312.500000
10452148437.500000
10454101562.500000
10456054687.500000
10458007812.500000
10459960937.500000
10461914062.500000
10463867187.500000
10465820312.500000
10467773437.500000
10469726562.500000
10471679687.500000
10473632812.500000
10475585937.500000
10477539062.500000
10479492187.500000
10481445312.500000
10483398437.500000
10485351562.500000
10487304687.500000
10489257812.500000
10491210937.500000
10493164062.500000
10495117187.500000
10497070312.500000
10499023437.500000
10500976562.500000
10502929687.500000
10504882812.500000
10506835937.500000
10508789062.500000
10510742187.500000
10512695312.500000
10514648437.500000
10516601562.500000
10518554687.500000
10520507812.500000
10522460937.500000
10524414062.500000
10526367187.500000
10528320312.500000
10530273437.500000
10532226562.500000
10534179687.500000
10536132812.500000
10538085937.500000
10540039062.500000
10541992187.500000
10543945312.500000
10545898437.500000
10547851562.500000
10549804687.500000
10551757812.500000
10553710937.500000
10555664062.500000
10557617187.500000
10559570312.500000
10561523437.500000
10563476562.500000
10565429687.500000
10567382812.500000
10569335937.500000
10571289062.500000
10573242187.500000
10575195312.500000
10577148437.500000
10579101562.500000
10581054687.500000
10583007812.500000
10584960937.500000
10586914062.500000
10588867187.500000
10590820312.500000
10592773437.500000
10594726562.500000
10596679687.500000
10598632812.500000
10600585937.500000
10602539062.500000
10604492187.500000
10606445312.500000
10608398437.500000
10610351562.500000
10612304687.500000
10614257812.500000
10616210937.500000
10618164062.500000
10620117187.500000
10622070312.500000
10624023437.500000
10625976562.500000
10627929687.500000
10629882812.500000
10631835937.500000
10633789062.500000
10635742187.500000
10637695312.500000
10639648437.500000
10641601562.500000
10643554687.500000
10645507812.500000
10647460937.500000
10649414062.500000
10651367187.500000
10653320312.500000
10655273437.500000
10657226562.500000
10659179687.500000
10661132812.500000
10663085937.500000
10665039062.500000
10666992187.500000
10668945312.500000
10670898437.500000
10672851562.500000
10674804687.500000
10676757812.500000
10678710937.500000
10680664062.500000
10682617187.500000
10684570312.500000
10686523437.500000
10688476562.500000
10690429687.500000
10692382812.500000
10694335937.500000
10696289062.500000
10698242187.500000
10700195312.500000
10702148437.500000
10704101562.500000
10706054687.500000
10708007812.500000
10709960937.500000
10711914062.500000
10713867187.500000
10715820312.500000
10717773437.500000
10719726562.500000
10721679687.500000
10723632812.500000
10725585937.500000
10727539062.500000
10729492187.500000
10731445312.500000
10733398437.500000
10735351562.500000
10737304687.500000
10739257812.500000
10741210937.500000
10743164062.500000
10745117187.500000
10747070312.500000
10749023437.500000
10750976562.500000
10752929687.500000
10754882812.500000
10756835937.500000
10758789062.500000
10760742187.500000
10762695312.500000
10764648437.500000
10766601562.500000
10768554687.500000
10770507812.500000
10772460937.500000
10774414062.500000
10776367187.500000
10778320312.500000
10780273437.500000
10782226562.500000
10784179687.500000
10786132812.500000
10788085937.500000
10790039062.500000
10791992187.500000
10793945312.500000
10795898437.500000
10797851562.500000
10799804687.500000
10801757812.500000
10803710937.500000
10805664062.500000
10807617187.500000
10809570312.500000
10811523437.500000
10813476562.500000
10815429687.500000
10817382812.500000
10819335937.500000
10821289062.500000
10823242187.500000
10825195312.500000
10827148437.500000
10829101562.500000
10831054687.500000
10833007812.500000
10834960937.500000
10836914062.500000
10838867187.500000
10840820312.500000
10842773437.500000
10844726562.500000
10846679687.500000
10848632812.500000
10850585937.500000
10852539062.500000
10854492187.500000
10856445312.500000
10858398437.500000
10860351562.500000
10862304687.500000
10864257812.500000
10866210937.500000
10868164062.500000
10870117187.500000
10872070312.500000
10874023437.500000
10875976562.500000
10877929687.500000
10879882812.500000
10881835937.500000
10883789062.500000
10885742187.500000
10887695312.500000
10889648437.500000
10891601562.500000
10893554687.500000
10895507812.500000
10897460937.500000
10899414062.500000
10901367187.500000
10903320312.500000
10905273437.500000
10907226562.500000
10909179687.500000
10911132812.500000
10913085937.500000
10915039062.500000
10916992187.500000
10918945312.500000
10920898437.500000
10922851562.500000
10924804687.500000
10926757812.500000
10928710937.500000
10930664062.500000
10932617187.500000
10934570312.500000
10936523437.500000
10938476562.500000
10940429687.500000
10942382812.500000
10944335937.500000
10946289062.500000
10948242187.500000
10950195312.500000
10952148437.500000
10954101562.500000
10956054687.500000
10958007812.500000
10959960937.500000
10961914062.500000
10963867187.500000
10965820312.500000
10967773437.500000
10969726562.500000
10971679687.500000
10973632812.500000
10975585937.500000
10977539062.500000
10979492187.500000
10981445312.500000
10983398437.500000
10985351562.500000
10987304687.500000
10989257812.500000
10991210937.500000
10993164062.500000
10995117187.500000
10997070312.500000
10999023437.500000
11000976562.500000
11002929687.500000
11004882812.500000
11006835937.500000
11008789062.500000
11010742187.500000
11012695312.500000
11014648437.500000
11016601562.500000
11018554687.500000
11020507812.500000
11022460937.500000
11024414062.500000
11026367187.500000
11028320312.500000
11030273437.500000
11032226562.500000
11034179687.500000
11036132812.500000
11038085937.500000
11040039062.500000
11041992187.500000
11043945312.500000
11045898437.500000
11047851562.500000
11049804687.500000
11051757812.500000
11053710937.500000
11055664062.500000
11057617187.500000
11059570312.500000
11061523437.500000
11063476562.500000
11065429687.500000
11067382812.500000
11069335937.500000
11071289062.500000
11073242187.500000
11075195312.500000
11077148437.500000
11079101562.500000
11081054687.500000
11083007812.500000
11084960937.500000
11086914062.500000
11088867187.500000
11090820312.500000
11092773437.500000
11094726562.500000
11096679687.500000
11098632812.500000
11100585937.500000
11102539062.500000
11104492187.500000
11106445312.500000
11108398437.500000
11110351562.500000
11112304687.500000
11114257812.500000
11116210937.500000
11118164062.500000
11120117187.500000
11122070312.500000
11124023437.500000
11125976562.500000
11127929687.500000
11129882812.500000
11131835937.500000
11133789062.500000
11135742187.500000
11137695312.500000
11139648437.500000
11141601562.500000
11143554687.500000
11145507812.500000
11147460937.500000
11149414062.500000
11151367187.500000
11153320312.500000
11155273437.500000
11157226562.500000
11159179687.500000
11161132812.500000
11163085937.500000
11165039062.500000
11166992187.500000
11168945312.500000
11170898437.500000
11172851562.500000
11174804687.500000
11176757812.500000
11178710937.500000
11180664062.500000
11182617187.500000
11184570312.500000
11186523437.500000
11188476562.500000
11190429687.500000
11192382812.500000
11194335937.500000
11196289062.500000
11198242187.500000
11200195312.500000
11202148437.500000
11204101562.500000
11206054687.500000
11208007812.500000
11209960937.500000
11211914062.500000
11213867187.500000
11215820312.500000
11217773437.500000
11219726562.500000
11221679687.500000
11223632812.500000
11225585937.500000
11227539062.500000
11229492187.500000
11231445312.500000
11233398437.500000
11235351562.500000
11237304687.500000
11239257812.500000
11241210937.500000
11243164062.500000
11245117187.500000
11247070312.500000
11249023437.500000
11250976562.500000
11252929687.500000
11254882812.500000
11256835937.500000
11258789062.500000
11260742187.500000
11262695312.500000
11264648437.500000
11266601562.500000
11268554687.500000
11270507812.500000
11272460937.500000
11274414062.500000
11276367187.500000
11278320312.500000
11280273437.500000
11282226562.500000
11284179687.500000
11286132812.500000
11288085937.500000
11290039062.500000
11291992187.500000
11293945312.500000
11295898437.500000
11297851562.500000
11299804687.500000
11301757812.500000
11303710937.500000
11305664062.500000
11307617187.500000
11309570312.500000
11311523437.500000
11313476562.500000
11315429687.500000
11317382812.500000
11319335937.500000
11321289062.500000
11323242187.500000
11325195312.500000
11327148437.500000
11329101562.500000
11331054687.500000
11333007812.500000
11334960937.500000
11336914062.500000
11338867187.500000
11340820312.500000
11342773437.500000
11344726562.500000
11346679687.500000
11348632812.500000
11350585937.500000
11352539062.500000
11354492187.500000
11356445312.500000
11358398437.500000
11360351562.500000
11362304687.500000
11364257812.500000
11366210937.500000
11368164062.500000
11370117187.500000
11372070312.500000
11374023437.500000
11375976562.500000
11377929687.500000
11379882812.500000
11381835937.500000
11383789062.500000
11385742187.500000
11387695312.500000
11389648437.500000
11391601562.500000
11393554687.500000
11395507812.500000
11397460937.500000
11399414062.500000
11401367187.500000
11403320312.500000
11405273437.500000
11407226562.500000
11409179687.500000
11411132812.500000
11413085937.500000
11415039062.500000
11416992187.500000
11418945312.500000
11420898437.500000
11422851562.500000
11424804687.500000
11426757812.500000
11428710937.500000
11430664062.500000
11432617187.500000
11434570312.500000
11436523437.500000
11438476562.500000
11440429687.500000
11442382812.500000
11444335937.500000
11446289062.500000
11448242187.500000
11450195312.500000
11452148437.500000
11454101562.500000
11456054687.500000
11458007812.500000
11459960937.500000
11461914062.500000
11463867187.500000
11465820312.500000
11467773437.500000
11469726562.500000
11471679687.500000
11473632812.500000
11475585937.500000
11477539062.500000
11479492187.500000
11481445312.500000
11483398437.500000
11485351562.500000
11487304687.500000
11489257812.500000
11491210937.500000
11493164062.500000
11495117187.500000
11497070312.500000
11499023437.500000
11500976562.500000
11502929687.500000
11504882812.500000
11506835937.500000
11508789062.500000
11510742187.500000
11512695312.500000
11514648437.500000
11516601562.500000
11518554687.500000
11520507812.500000
11522460937.500000
11524414062.500000
11526367187.500000
11528320312.500000
11530273437.500000
11532226562.500000
11534179687.500000
11536132812.500000
11538085937.500000
11540039062.500000
11541992187.500000
11543945312.500000
11545898437.500000
11547851562.500000
11549804687.500000
11551757812.500000
11553710937.500000
11555664062.500000
11557617187.500000
11559570312.500000
11561523437.500000
11563476562.500000
11565429687.500000
11567382812.500000
11569335937.500000
11571289062.500000
11573242187.500000
11575195312.500000
11577148437.500000
11579101562.500000
11581054687.500000
11583007812.500000
11584960937.500000
11586914062.500000
11588867187.500000
11590820312.500000
11592773437.500000
11594726562.500000
11596679687.500000
11598632812.500000
11600585937.500000
11602539062.500000
11604492187.500000
11606445312.500000
11608398437.500000
11610351562.500000
11612304687.500000
11614257812.500000
11616210937.500000
11618164062.500000
11620117187.500000
11622070312.500000
11624023437.500000
11625976562.500000
11627929687.500000
11629882812.500000
11631835937.500000
11633789062.500000
11635742187.500000
11637695312.500000
11639648437.500000
11641601562.500000
11643554687.500000
11645507812.500000
11647460937.500000
11649414062.500000
11651367187.500000
11653320312.500000
11655273437.500000
11657226562.500000
11659179687.500000
11661132812.500000
11663085937.500000
11665039062.500000
11666992187.500000
11668945312.500000
11670898437.500000
11672851562.500000
11674804687.500000
11676757812.500000
11678710937.500000
11680664062.500000
11682617187.500000
11684570312.500000
11686523437.500000
11688476562.500000
11690429687.500000
11692382812.500000
11694335937.500000
11696289062.500000
11698242187.500000
11700195312.500000
11702148437.500000
11704101562.500000
11706054687.500000
11708007812.500000
11709960937.500000
11711914062.500000
11713867187.500000
11715820312.500000
11717773437.500000
11719726562.500000
11721679687.500000
11723632812.500000
11725585937.500000
11727539062.500000
11729492187.500000
11731445312.500000
11733398437.500000
11735351562.500000
11737304687.500000
11739257812.500000
11741210937.500000
11743164062.500000
11745117187.500000
11747070312.500000
11749023437.500000
11750976562.500000
11752929687.500000
11754882812.500000
11756835937.500000
11758789062.500000
11760742187.500000
11762695312.500000
11764648437.500000
11766601562.500000
11768554687.500000
11770507812.500000
11772460937.500000
11774414062.500000
11776367187.500000
11778320312.500000
11780273437.500000
11782226562.500000
11784179687.500000
11786132812.500000
11788085937.500000
11790039062.500000
11791992187.500000
11793945312.500000
11795898437.500000
11797851562.500000
11799804687.500000
11801757812.500000
11803710937.500000
11805664062.500000
11807617187.500000
11809570312.500000
11811523437.500000
11813476562.500000
11815429687.500000
11817382812.500000
11819335937.500000
11821289062.500000
11823242187.500000
11825195312.500000
11827148437.500000
11829101562.500000
11831054687.500000
11833007812.500000
11834960937.500000
11836914062.500000
11838867187.500000
11840820312.500000
11842773437.500000
11844726562.500000
11846679687.500000
11848632812.500000
11850585937.500000
11852539062.500000
11854492187.500000
11856445312.500000
11858398437.500000
11860351562.500000
11862304687.500000
11864257812.500000
11866210937.500000
11868164062.500000
11870117187.500000
11872070312.500000
11874023437.500000
11875976562.500000
11877929687.500000
11879882812.500000
11881835937.500000
11883789062.500000
11885742187.500000
11887695312.500000
11889648437.500000
11891601562.500000
11893554687.500000
11895507812.500000
11897460937.500000
11899414062.500000
11901367187.500000
11903320312.500000
11905273437.500000
11907226562.500000
11909179687.500000
11911132812.500000
11913085937.500000
11915039062.500000
11916992187.500000
11918945312.500000
11920898437.500000
11922851562.500000
11924804687.500000
11926757812.500000
11928710937.500000
11930664062.500000
11932617187.500000
11934570312.500000
11936523437.500000
11938476562.500000
11940429687.500000
11942382812.500000
11944335937.500000
11946289062.500000
11948242187.500000
11950195312.500000
11952148437.500000
11954101562.500000
11956054687.500000
11958007812.500000
11959960937.500000
11961914062.500000
11963867187.500000
11965820312.500000
11967773437.500000
11969726562.500000
11971679687.500000
11973632812.500000
11975585937.500000
11977539062.500000
11979492187.500000
11981445312.500000
11983398437.500000
11985351562.500000
11987304687.500000
11989257812.500000
11991210937.500000
11993164062.500000
11995117187.500000
11997070312.500000
11999023437.500000
