230117187.500000
230351562.500000
230585937.500000
230820312.500000
231054687.500000
231289062.500000
231523437.500000
231757812.500000
231992187.500000
232226562.500000
232460937.500000
232695312.500000
232929687.500000
233164062.500000
233398437.500000
233632812.500000
233867187.500000
234101562.500000
234335937.500000
234570312.500000
234804687.500000
235039062.500000
235273437.500000
235507812.500000
235742187.500000
235976562.500000
236210937.500000
236445312.500000
236679687.500000
236914062.500000
237148437.500000
237382812.500000
237617187.500000
237851562.500000
238085937.500000
238320312.500000
238554687.500000
238789062.500000
239023437.500000
239257812.500000
239492187.500000
239726562.500000
239960937.500000
240195312.500000
240429687.500000
240664062.500000
240898437.500000
241132812.500000
241367187.500000
241601562.500000
241835937.500000
242070312.500000
242304687.500000
242539062.500000
242773437.500000
243007812.500000
243242187.500000
243476562.500000
243710937.500000
243945312.500000
244179687.500000
244414062.500000
244648437.500000
244882812.500000
245117187.500000
245351562.500000
245585937.500000
245820312.500000
246054687.500000
246289062.500000
246523437.500000
246757812.500000
246992187.500000
247226562.500000
247460937.500000
247695312.500000
247929687.500000
248164062.500000
248398437.500000
248632812.500000
248867187.500000
249101562.500000
249335937.500000
249570312.500000
249804687.500000
250039062.500000
250273437.500000
250507812.500000
250742187.500000
250976562.500000
251210937.500000
251445312.500000
251679687.500000
251914062.500000
252148437.500000
252382812.500000
252617187.500000
252851562.500000
253085937.500000
253320312.500000
253554687.500000
253789062.500000
254023437.500000
254257812.500000
254492187.500000
254726562.500000
254960937.500000
255195312.500000
255429687.500000
255664062.500000
255898437.500000
256132812.500000
256367187.500000
256601562.500000
256835937.500000
257070312.500000
257304687.500000
257539062.500000
257773437.500000
258007812.500000
258242187.500000
258476562.500000
258710937.500000
258945312.500000
259179687.500000
259414062.500000
259648437.500000
259882812.500000
260117187.500000
260351562.500000
260585937.500000
260820312.500000
261054687.500000
261289062.500000
261523437.500000
261757812.500000
261992187.500000
262226562.500000
262460937.500000
262695312.500000
262929687.500000
263164062.500000
263398437.500000
263632812.500000
263867187.500000
264101562.500000
264335937.500000
264570312.500000
264804687.500000
265039062.500000
265273437.500000
265507812.500000
265742187.500000
265976562.500000
266210937.500000
266445312.500000
266679687.500000
266914062.500000
267148437.500000
267382812.500000
267617187.500000
267851562.500000
268085937.500000
268320312.500000
268554687.500000
268789062.500000
269023437.500000
269257812.500000
269492187.500000
269726562.500000
269960937.500000
270195312.500000
270429687.500000
270664062.500000
270898437.500000
271132812.500000
271367187.500000
271601562.500000
271835937.500000
272070312.500000
272304687.500000
272539062.500000
272773437.500000
273007812.500000
273242187.500000
273476562.500000
273710937.500000
273945312.500000
274179687.500000
274414062.500000
274648437.500000
274882812.500000
275117187.500000
275351562.500000
275585937.500000
275820312.500000
276054687.500000
276289062.500000
276523437.500000
276757812.500000
276992187.500000
277226562.500000
277460937.500000
277695312.500000
277929687.500000
278164062.500000
278398437.500000
278632812.500000
278867187.500000
279101562.500000
279335937.500000
279570312.500000
279804687.500000
280039062.500000
280273437.500000
280507812.500000
280742187.500000
280976562.500000
281210937.500000
281445312.500000
281679687.500000
281914062.500000
282148437.500000
282382812.500000
282617187.500000
282851562.500000
283085937.500000
283320312.500000
283554687.500000
283789062.500000
284023437.500000
284257812.500000
284492187.500000
284726562.500000
284960937.500000
285195312.500000
285429687.500000
285664062.500000
285898437.500000
286132812.500000
286367187.500000
286601562.500000
286835937.500000
287070312.500000
287304687.500000
287539062.500000
287773437.500000
288007812.500000
288242187.500000
288476562.500000
288710937.500000
288945312.500000
289179687.500000
289414062.500000
289648437.500000
289882812.500000
290117187.500000
290351562.500000
290585937.500000
290820312.500000
291054687.500000
291289062.500000
291523437.500000
291757812.500000
291992187.500000
292226562.500000
292460937.500000
292695312.500000
292929687.500000
293164062.500000
293398437.500000
293632812.500000
293867187.500000
294101562.500000
294335937.500000
294570312.500000
294804687.500000
295039062.500000
295273437.500000
295507812.500000
295742187.500000
295976562.500000
296210937.500000
296445312.500000
296679687.500000
296914062.500000
297148437.500000
297382812.500000
297617187.500000
297851562.500000
298085937.500000
298320312.500000
298554687.500000
298789062.500000
299023437.500000
299257812.500000
299492187.500000
299726562.500000
299960937.500000
300195312.500000
300429687.500000
300664062.500000
300898437.500000
301132812.500000
301367187.500000
301601562.500000
301835937.500000
302070312.500000
302304687.500000
302539062.500000
302773437.500000
303007812.500000
303242187.500000
303476562.500000
303710937.500000
303945312.500000
304179687.500000
304414062.500000
304648437.500000
304882812.500000
305117187.500000
305351562.500000
305585937.500000
305820312.500000
306054687.500000
306289062.500000
306523437.500000
306757812.500000
306992187.500000
307226562.500000
307460937.500000
307695312.500000
307929687.500000
308164062.500000
308398437.500000
308632812.500000
308867187.500000
309101562.500000
309335937.500000
309570312.500000
309804687.500000
310039062.500000
310273437.500000
310507812.500000
310742187.500000
310976562.500000
311210937.500000
311445312.500000
311679687.500000
311914062.500000
312148437.500000
312382812.500000
312617187.500000
312851562.500000
313085937.500000
313320312.500000
313554687.500000
313789062.500000
314023437.500000
314257812.500000
314492187.500000
314726562.500000
314960937.500000
315195312.500000
315429687.500000
315664062.500000
315898437.500000
316132812.500000
316367187.500000
316601562.500000
316835937.500000
317070312.500000
317304687.500000
317539062.500000
317773437.500000
318007812.500000
318242187.500000
318476562.500000
318710937.500000
318945312.500000
319179687.500000
319414062.500000
319648437.500000
319882812.500000
320117187.500000
320351562.500000
320585937.500000
320820312.500000
321054687.500000
321289062.500000
321523437.500000
321757812.500000
321992187.500000
322226562.500000
322460937.500000
322695312.500000
322929687.500000
323164062.500000
323398437.500000
323632812.500000
323867187.500000
324101562.500000
324335937.500000
324570312.500000
324804687.500000
325039062.500000
325273437.500000
325507812.500000
325742187.500000
325976562.500000
326210937.500000
326445312.500000
326679687.500000
326914062.500000
327148437.500000
327382812.500000
327617187.500000
327851562.500000
328085937.500000
328320312.500000
328554687.500000
328789062.500000
329023437.500000
329257812.500000
329492187.500000
329726562.500000
329960937.500000
330195312.500000
330429687.500000
330664062.500000
330898437.500000
331132812.500000
331367187.500000
331601562.500000
331835937.500000
332070312.500000
332304687.500000
332539062.500000
332773437.500000
333007812.500000
333242187.500000
333476562.500000
333710937.500000
333945312.500000
334179687.500000
334414062.500000
334648437.500000
334882812.500000
335117187.500000
335351562.500000
335585937.500000
335820312.500000
336054687.500000
336289062.500000
336523437.500000
336757812.500000
336992187.500000
337226562.500000
337460937.500000
337695312.500000
337929687.500000
338164062.500000
338398437.500000
338632812.500000
338867187.500000
339101562.500000
339335937.500000
339570312.500000
339804687.500000
340039062.500000
340273437.500000
340507812.500000
340742187.500000
340976562.500000
341210937.500000
341445312.500000
341679687.500000
341914062.500000
342148437.500000
342382812.500000
342617187.500000
342851562.500000
343085937.500000
343320312.500000
343554687.500000
343789062.500000
344023437.500000
344257812.500000
344492187.500000
344726562.500000
344960937.500000
345195312.500000
345429687.500000
345664062.500000
345898437.500000
346132812.500000
346367187.500000
346601562.500000
346835937.500000
347070312.500000
347304687.500000
347539062.500000
347773437.500000
348007812.500000
348242187.500000
348476562.500000
348710937.500000
348945312.500000
349179687.500000
349414062.500000
349648437.500000
349882812.500000
350117187.500000
350351562.500000
350585937.500000
350820312.500000
351054687.500000
351289062.500000
351523437.500000
351757812.500000
351992187.500000
352226562.500000
352460937.500000
352695312.500000
352929687.500000
353164062.500000
353398437.500000
353632812.500000
353867187.500000
354101562.500000
354335937.500000
354570312.500000
354804687.500000
355039062.500000
355273437.500000
355507812.500000
355742187.500000
355976562.500000
356210937.500000
356445312.500000
356679687.500000
356914062.500000
357148437.500000
357382812.500000
357617187.500000
357851562.500000
358085937.500000
358320312.500000
358554687.500000
358789062.500000
359023437.500000
359257812.500000
359492187.500000
359726562.500000
359960937.500000
360195312.500000
360429687.500000
360664062.500000
360898437.500000
361132812.500000
361367187.500000
361601562.500000
361835937.500000
362070312.500000
362304687.500000
362539062.500000
362773437.500000
363007812.500000
363242187.500000
363476562.500000
363710937.500000
363945312.500000
364179687.500000
364414062.500000
364648437.500000
364882812.500000
365117187.500000
365351562.500000
365585937.500000
365820312.500000
366054687.500000
366289062.500000
366523437.500000
366757812.500000
366992187.500000
367226562.500000
367460937.500000
367695312.500000
367929687.500000
368164062.500000
368398437.500000
368632812.500000
368867187.500000
369101562.500000
369335937.500000
369570312.500000
369804687.500000
370039062.500000
370273437.500000
370507812.500000
370742187.500000
370976562.500000
371210937.500000
371445312.500000
371679687.500000
371914062.500000
372148437.500000
372382812.500000
372617187.500000
372851562.500000
373085937.500000
373320312.500000
373554687.500000
373789062.500000
374023437.500000
374257812.500000
374492187.500000
374726562.500000
374960937.500000
375195312.500000
375429687.500000
375664062.500000
375898437.500000
376132812.500000
376367187.500000
376601562.500000
376835937.500000
377070312.500000
377304687.500000
377539062.500000
377773437.500000
378007812.500000
378242187.500000
378476562.500000
378710937.500000
378945312.500000
379179687.500000
379414062.500000
379648437.500000
379882812.500000
380117187.500000
380351562.500000
380585937.500000
380820312.500000
381054687.500000
381289062.500000
381523437.500000
381757812.500000
381992187.500000
382226562.500000
382460937.500000
382695312.500000
382929687.500000
383164062.500000
383398437.500000
383632812.500000
383867187.500000
384101562.500000
384335937.500000
384570312.500000
384804687.500000
385039062.500000
385273437.500000
385507812.500000
385742187.500000
385976562.500000
386210937.500000
386445312.500000
386679687.500000
386914062.500000
387148437.500000
387382812.500000
387617187.500000
387851562.500000
388085937.500000
388320312.500000
388554687.500000
388789062.500000
389023437.500000
389257812.500000
389492187.500000
389726562.500000
389960937.500000
390195312.500000
390429687.500000
390664062.500000
390898437.500000
391132812.500000
391367187.500000
391601562.500000
391835937.500000
392070312.500000
392304687.500000
392539062.500000
392773437.500000
393007812.500000
393242187.500000
393476562.500000
393710937.500000
393945312.500000
394179687.500000
394414062.500000
394648437.500000
394882812.500000
395117187.500000
395351562.500000
395585937.500000
395820312.500000
396054687.500000
396289062.500000
396523437.500000
396757812.500000
396992187.500000
397226562.500000
397460937.500000
397695312.500000
397929687.500000
398164062.500000
398398437.500000
398632812.500000
398867187.500000
399101562.500000
399335937.500000
399570312.500000
399804687.500000
400039062.500000
400273437.500000
400507812.500000
400742187.500000
400976562.500000
401210937.500000
401445312.500000
401679687.500000
401914062.500000
402148437.500000
402382812.500000
402617187.500000
402851562.500000
403085937.500000
403320312.500000
403554687.500000
403789062.500000
404023437.500000
404257812.500000
404492187.500000
404726562.500000
404960937.500000
405195312.500000
405429687.500000
405664062.500000
405898437.500000
406132812.500000
406367187.500000
406601562.500000
406835937.500000
407070312.500000
407304687.500000
407539062.500000
407773437.500000
408007812.500000
408242187.500000
408476562.500000
408710937.500000
408945312.500000
409179687.500000
409414062.500000
409648437.500000
409882812.500000
410117187.500000
410351562.500000
410585937.500000
410820312.500000
411054687.500000
411289062.500000
411523437.500000
411757812.500000
411992187.500000
412226562.500000
412460937.500000
412695312.500000
412929687.500000
413164062.500000
413398437.500000
413632812.500000
413867187.500000
414101562.500000
414335937.500000
414570312.500000
414804687.500000
415039062.500000
415273437.500000
415507812.500000
415742187.500000
415976562.500000
416210937.500000
416445312.500000
416679687.500000
416914062.500000
417148437.500000
417382812.500000
417617187.500000
417851562.500000
418085937.500000
418320312.500000
418554687.500000
418789062.500000
419023437.500000
419257812.500000
419492187.500000
419726562.500000
419960937.500000
420195312.500000
420429687.500000
420664062.500000
420898437.500000
421132812.500000
421367187.500000
421601562.500000
421835937.500000
422070312.500000
422304687.500000
422539062.500000
422773437.500000
423007812.500000
423242187.500000
423476562.500000
423710937.500000
423945312.500000
424179687.500000
424414062.500000
424648437.500000
424882812.500000
425117187.500000
425351562.500000
425585937.500000
425820312.500000
426054687.500000
426289062.500000
426523437.500000
426757812.500000
426992187.500000
427226562.500000
427460937.500000
427695312.500000
427929687.500000
428164062.500000
428398437.500000
428632812.500000
428867187.500000
429101562.500000
429335937.500000
429570312.500000
429804687.500000
430039062.500000
430273437.500000
430507812.500000
430742187.500000
430976562.500000
431210937.500000
431445312.500000
431679687.500000
431914062.500000
432148437.500000
432382812.500000
432617187.500000
432851562.500000
433085937.500000
433320312.500000
433554687.500000
433789062.500000
434023437.500000
434257812.500000
434492187.500000
434726562.500000
434960937.500000
435195312.500000
435429687.500000
435664062.500000
435898437.500000
436132812.500000
436367187.500000
436601562.500000
436835937.500000
437070312.500000
437304687.500000
437539062.500000
437773437.500000
438007812.500000
438242187.500000
438476562.500000
438710937.500000
438945312.500000
439179687.500000
439414062.500000
439648437.500000
439882812.500000
440117187.500000
440351562.500000
440585937.500000
440820312.500000
441054687.500000
441289062.500000
441523437.500000
441757812.500000
441992187.500000
442226562.500000
442460937.500000
442695312.500000
442929687.500000
443164062.500000
443398437.500000
443632812.500000
443867187.500000
444101562.500000
444335937.500000
444570312.500000
444804687.500000
445039062.500000
445273437.500000
445507812.500000
445742187.500000
445976562.500000
446210937.500000
446445312.500000
446679687.500000
446914062.500000
447148437.500000
447382812.500000
447617187.500000
447851562.500000
448085937.500000
448320312.500000
448554687.500000
448789062.500000
449023437.500000
449257812.500000
449492187.500000
449726562.500000
449960937.500000
450195312.500000
450429687.500000
450664062.500000
450898437.500000
451132812.500000
451367187.500000
451601562.500000
451835937.500000
452070312.500000
452304687.500000
452539062.500000
452773437.500000
453007812.500000
453242187.500000
453476562.500000
453710937.500000
453945312.500000
454179687.500000
454414062.500000
454648437.500000
454882812.500000
455117187.500000
455351562.500000
455585937.500000
455820312.500000
456054687.500000
456289062.500000
456523437.500000
456757812.500000
456992187.500000
457226562.500000
457460937.500000
457695312.500000
457929687.500000
458164062.500000
458398437.500000
458632812.500000
458867187.500000
459101562.500000
459335937.500000
459570312.500000
459804687.500000
460039062.500000
460273437.500000
460507812.500000
460742187.500000
460976562.500000
461210937.500000
461445312.500000
461679687.500000
461914062.500000
462148437.500000
462382812.500000
462617187.500000
462851562.500000
463085937.500000
463320312.500000
463554687.500000
463789062.500000
464023437.500000
464257812.500000
464492187.500000
464726562.500000
464960937.500000
465195312.500000
465429687.500000
465664062.500000
465898437.500000
466132812.500000
466367187.500000
466601562.500000
466835937.500000
467070312.500000
467304687.500000
467539062.500000
467773437.500000
468007812.500000
468242187.500000
468476562.500000
468710937.500000
468945312.500000
469179687.500000
469414062.500000
469648437.500000
469882812.500000
