# uGMRT Band 5: 1000--1460 MHz
# Reference: NCRA GMRT System Parameters, https://www.gmrt.ncra.tifr.res.in/doc/GMRT_specs.pdf
#            GTAC Cycle 50 Announcement, https://indrayani.ncra.tifr.res.in/~secr-ops/sch/c50webfiles/gtac_50_announcement.pdf
# Channel density: ~225 kHz/ch
1000112304.687500
1000336914.062500
1000561523.437500
1000786132.812500
1001010742.187500
1001235351.562500
1001459960.937500
1001684570.312500
1001909179.687500
1002133789.062500
1002358398.437500
1002583007.812500
1002807617.187500
1003032226.562500
1003256835.937500
1003481445.312500
1003706054.687500
1003930664.062500
1004155273.437500
1004379882.812500
1004604492.187500
1004829101.562500
1005053710.937500
1005278320.312500
1005502929.687500
1005727539.062500
1005952148.437500
1006176757.812500
1006401367.187500
1006625976.562500
1006850585.937500
1007075195.312500
1007299804.687500
1007524414.062500
1007749023.437500
1007973632.812500
1008198242.187500
1008422851.562500
1008647460.937500
1008872070.312500
1009096679.687500
1009321289.062500
1009545898.437500
1009770507.812500
1009995117.187500
1010219726.562500
1010444335.937500
1010668945.312500
1010893554.687500
1011118164.062500
1011342773.437500
1011567382.812500
1011791992.187500
1012016601.562500
1012241210.937500
1012465820.312500
1012690429.687500
1012915039.062500
1013139648.437500
1013364257.812500
1013588867.187500
1013813476.562500
1014038085.937500
1014262695.312500
1014487304.687500
1014711914.062500
1014936523.437500
1015161132.812500
1015385742.187500
1015610351.562500
1015834960.937500
1016059570.312500
1016284179.687500
1016508789.062500
1016733398.437500
1016958007.812500
1017182617.187500
1017407226.562500
1017631835.937500
1017856445.312500
1018081054.687500
1018305664.062500
1018530273.437500
1018754882.812500
1018979492.187500
1019204101.562500
1019428710.937500
1019653320.312500
1019877929.687500
1020102539.062500
1020327148.437500
1020551757.812500
1020776367.187500
1021000976.562500
1021225585.937500
1021450195.312500
1021674804.687500
1021899414.062500
1022124023.437500
1022348632.812500
1022573242.187500
1022797851.562500
1023022460.937500
1023247070.312500
1023471679.687500
1023696289.062500
1023920898.437500
1024145507.812500
1024370117.187500
1024594726.562500
1024819335.937500
1025043945.312500
1025268554.687500
1025493164.062500
1025717773.437500
1025942382.812500
1026166992.187500
1026391601.562500
1026616210.937500
1026840820.312500
1027065429.687500
1027290039.062500
1027514648.437500
1027739257.812500
1027963867.187500
1028188476.562500
1028413085.937500
1028637695.312500
1028862304.687500
1029086914.062500
1029311523.437500
1029536132.812500
1029760742.187500
1029985351.562500
1030209960.937500
1030434570.312500
1030659179.687500
1030883789.062500
1031108398.437500
1031333007.812500
1031557617.187500
1031782226.562500
1032006835.937500
1032231445.312500
1032456054.687500
1032680664.062500
1032905273.437500
1033129882.812500
1033354492.187500
1033579101.562500
1033803710.937500
1034028320.312500
1034252929.687500
1034477539.062500
1034702148.437500
1034926757.812500
1035151367.187500
1035375976.562500
1035600585.937500
1035825195.312500
1036049804.687500
1036274414.062500
1036499023.437500
1036723632.812500
1036948242.187500
1037172851.562500
1037397460.937500
1037622070.312500
1037846679.687500
1038071289.062500
1038295898.437500
1038520507.812500
1038745117.187500
1038969726.562500
1039194335.937500
1039418945.312500
1039643554.687500
1039868164.062500
1040092773.437500
1040317382.812500
1040541992.187500
1040766601.562500
1040991210.937500
1041215820.312500
1041440429.687500
1041665039.062500
1041889648.437500
1042114257.812500
1042338867.187500
1042563476.562500
1042788085.937500
1043012695.312500
1043237304.687500
1043461914.062500
1043686523.437500
1043911132.812500
1044135742.187500
1044360351.562500
1044584960.937500
1044809570.312500
1045034179.687500
1045258789.062500
1045483398.437500
1045708007.812500
1045932617.187500
1046157226.562500
1046381835.937500
1046606445.312500
1046831054.687500
1047055664.062500
1047280273.437500
1047504882.812500
1047729492.187500
1047954101.562500
1048178710.937500
1048403320.312500
1048627929.687500
1048852539.062500
1049077148.437500
1049301757.812500
1049526367.187500
1049750976.562500
1049975585.937500
1050200195.312500
1050424804.687500
1050649414.062500
1050874023.437500
1051098632.812500
1051323242.187500
1051547851.562500
1051772460.937500
1051997070.312500
1052221679.687500
1052446289.062500
1052670898.437500
1052895507.812500
1053120117.187500
1053344726.562500
1053569335.937500
1053793945.312500
1054018554.687500
1054243164.062500
1054467773.437500
1054692382.812500
1054916992.187500
1055141601.562500
1055366210.937500
1055590820.312500
1055815429.687500
1056040039.062500
1056264648.437500
1056489257.812500
1056713867.187500
1056938476.562500
1057163085.937500
1057387695.312500
1057612304.687500
1057836914.062500
1058061523.437500
1058286132.812500
1058510742.187500
1058735351.562500
1058959960.937500
1059184570.312500
1059409179.687500
1059633789.062500
1059858398.437500
1060083007.812500
1060307617.187500
1060532226.562500
1060756835.937500
1060981445.312500
1061206054.687500
1061430664.062500
1061655273.437500
1061879882.812500
1062104492.187500
1062329101.562500
1062553710.937500
1062778320.312500
1063002929.687500
1063227539.062500
1063452148.437500
1063676757.812500
1063901367.187500
1064125976.562500
1064350585.937500
1064575195.312500
1064799804.687500
1065024414.062500
1065249023.437500
1065473632.812500
1065698242.187500
1065922851.562500
1066147460.937500
1066372070.312500
1066596679.687500
1066821289.062500
1067045898.437500
1067270507.812500
1067495117.187500
1067719726.562500
1067944335.937500
1068168945.312500
1068393554.687500
1068618164.062500
1068842773.437500
1069067382.812500
1069291992.187500
1069516601.562500
1069741210.937500
1069965820.312500
1070190429.687500
1070415039.062500
1070639648.437500
1070864257.812500
1071088867.187500
1071313476.562500
1071538085.937500
1071762695.312500
1071987304.687500
1072211914.062500
1072436523.437500
1072661132.812500
1072885742.187500
1073110351.562500
1073334960.937500
1073559570.312500
1073784179.687500
1074008789.062500
1074233398.437500
1074458007.812500
1074682617.187500
1074907226.562500
1075131835.937500
1075356445.312500
1075581054.687500
1075805664.062500
1076030273.437500
1076254882.812500
1076479492.187500
1076704101.562500
1076928710.937500
1077153320.312500
1077377929.687500
1077602539.062500
1077827148.437500
1078051757.812500
1078276367.187500
1078500976.562500
1078725585.937500
1078950195.312500
1079174804.687500
1079399414.062500
1079624023.437500
1079848632.812500
1080073242.187500
1080297851.562500
1080522460.937500
1080747070.312500
1080971679.687500
1081196289.062500
1081420898.437500
1081645507.812500
1081870117.187500
1082094726.562500
1082319335.937500
1082543945.312500
1082768554.687500
1082993164.062500
1083217773.437500
1083442382.812500
1083666992.187500
1083891601.562500
1084116210.937500
1084340820.312500
1084565429.687500
1084790039.062500
1085014648.437500
1085239257.812500
1085463867.187500
1085688476.562500
1085913085.937500
1086137695.312500
1086362304.687500
1086586914.062500
1086811523.437500
1087036132.812500
1087260742.187500
1087485351.562500
1087709960.937500
1087934570.312500
1088159179.687500
1088383789.062500
1088608398.437500
1088833007.812500
1089057617.187500
1089282226.562500
1089506835.937500
1089731445.312500
1089956054.687500
1090180664.062500
1090405273.437500
1090629882.812500
1090854492.187500
1091079101.562500
1091303710.937500
1091528320.312500
1091752929.687500
1091977539.062500
1092202148.437500
1092426757.812500
1092651367.187500
1092875976.562500
1093100585.937500
1093325195.312500
1093549804.687500
1093774414.062500
1093999023.437500
1094223632.812500
1094448242.187500
1094672851.562500
1094897460.937500
1095122070.312500
1095346679.687500
1095571289.062500
1095795898.437500
1096020507.812500
1096245117.187500
1096469726.562500
1096694335.937500
1096918945.312500
1097143554.687500
1097368164.062500
1097592773.437500
1097817382.812500
1098041992.187500
1098266601.562500
1098491210.937500
1098715820.312500
1098940429.687500
1099165039.062500
1099389648.437500
1099614257.812500
1099838867.187500
1100063476.562500
1100288085.937500
1100512695.312500
1100737304.687500
1100961914.062500
1101186523.437500
1101411132.812500
1101635742.187500
1101860351.562500
1102084960.937500
1102309570.312500
1102534179.687500
1102758789.062500
1102983398.437500
1103208007.812500
1103432617.187500
1103657226.562500
1103881835.937500
1104106445.312500
1104331054.687500
1104555664.062500
1104780273.437500
1105004882.812500
1105229492.187500
1105454101.562500
1105678710.937500
1105903320.312500
1106127929.687500
1106352539.062500
1106577148.437500
1106801757.812500
1107026367.187500
1107250976.562500
1107475585.937500
1107700195.312500
1107924804.687500
1108149414.062500
1108374023.437500
1108598632.812500
1108823242.187500
1109047851.562500
1109272460.937500
1109497070.312500
1109721679.687500
1109946289.062500
1110170898.437500
1110395507.812500
1110620117.187500
1110844726.562500
1111069335.937500
1111293945.312500
1111518554.687500
1111743164.062500
1111967773.437500
1112192382.812500
1112416992.187500
1112641601.562500
1112866210.937500
1113090820.312500
1113315429.687500
1113540039.062500
1113764648.437500
1113989257.812500
1114213867.187500
1114438476.562500
1114663085.937500
1114887695.312500
1115112304.687500
1115336914.062500
1115561523.437500
1115786132.812500
1116010742.187500
1116235351.562500
1116459960.937500
1116684570.312500
1116909179.687500
1117133789.062500
1117358398.437500
1117583007.812500
1117807617.187500
1118032226.562500
1118256835.937500
1118481445.312500
1118706054.687500
1118930664.062500
1119155273.437500
1119379882.812500
1119604492.187500
1119829101.562500
1120053710.937500
1120278320.312500
1120502929.687500
1120727539.062500
1120952148.437500
1121176757.812500
1121401367.187500
1121625976.562500
1121850585.937500
1122075195.312500
1122299804.687500
1122524414.062500
1122749023.437500
1122973632.812500
1123198242.187500
1123422851.562500
1123647460.937500
1123872070.312500
1124096679.687500
1124321289.062500
1124545898.437500
1124770507.812500
1124995117.187500
1125219726.562500
1125444335.937500
1125668945.312500
1125893554.687500
1126118164.062500
1126342773.437500
1126567382.812500
1126791992.187500
1127016601.562500
1127241210.937500
1127465820.312500
1127690429.687500
1127915039.062500
1128139648.437500
1128364257.812500
1128588867.187500
1128813476.562500
1129038085.937500
1129262695.312500
1129487304.687500
1129711914.062500
1129936523.437500
1130161132.812500
1130385742.187500
1130610351.562500
1130834960.937500
1131059570.312500
1131284179.687500
1131508789.062500
1131733398.437500
1131958007.812500
1132182617.187500
1132407226.562500
1132631835.937500
1132856445.312500
1133081054.687500
1133305664.062500
1133530273.437500
1133754882.812500
1133979492.187500
1134204101.562500
1134428710.937500
1134653320.312500
1134877929.687500
1135102539.062500
1135327148.437500
1135551757.812500
1135776367.187500
1136000976.562500
1136225585.937500
1136450195.312500
1136674804.687500
1136899414.062500
1137124023.437500
1137348632.812500
1137573242.187500
1137797851.562500
1138022460.937500
1138247070.312500
1138471679.687500
1138696289.062500
1138920898.437500
1139145507.812500
1139370117.187500
1139594726.562500
1139819335.937500
1140043945.312500
1140268554.687500
1140493164.062500
1140717773.437500
1140942382.812500
1141166992.187500
1141391601.562500
1141616210.937500
1141840820.312500
1142065429.687500
1142290039.062500
1142514648.437500
1142739257.812500
1142963867.187500
1143188476.562500
1143413085.937500
1143637695.312500
1143862304.687500
1144086914.062500
1144311523.437500
1144536132.812500
1144760742.187500
1144985351.562500
1145209960.937500
1145434570.312500
1145659179.687500
1145883789.062500
1146108398.437500
1146333007.812500
1146557617.187500
1146782226.562500
1147006835.937500
1147231445.312500
1147456054.687500
1147680664.062500
1147905273.437500
1148129882.812500
1148354492.187500
1148579101.562500
1148803710.937500
1149028320.312500
1149252929.687500
1149477539.062500
1149702148.437500
1149926757.812500
1150151367.187500
1150375976.562500
1150600585.937500
1150825195.312500
1151049804.687500
1151274414.062500
1151499023.437500
1151723632.812500
1151948242.187500
1152172851.562500
1152397460.937500
1152622070.312500
1152846679.687500
1153071289.062500
1153295898.437500
1153520507.812500
1153745117.187500
1153969726.562500
1154194335.937500
1154418945.312500
1154643554.687500
1154868164.062500
1155092773.437500
1155317382.812500
1155541992.187500
1155766601.562500
1155991210.937500
1156215820.312500
1156440429.687500
1156665039.062500
1156889648.437500
1157114257.812500
1157338867.187500
1157563476.562500
1157788085.937500
1158012695.312500
1158237304.687500
1158461914.062500
1158686523.437500
1158911132.812500
1159135742.187500
1159360351.562500
1159584960.937500
1159809570.312500
1160034179.687500
1160258789.062500
1160483398.437500
1160708007.812500
1160932617.187500
1161157226.562500
1161381835.937500
1161606445.312500
1161831054.687500
1162055664.062500
1162280273.437500
1162504882.812500
1162729492.187500
1162954101.562500
1163178710.937500
1163403320.312500
1163627929.687500
1163852539.062500
1164077148.437500
1164301757.812500
1164526367.187500
1164750976.562500
1164975585.937500
1165200195.312500
1165424804.687500
1165649414.062500
1165874023.437500
1166098632.812500
1166323242.187500
1166547851.562500
1166772460.937500
1166997070.312500
1167221679.687500
1167446289.062500
1167670898.437500
1167895507.812500
1168120117.187500
1168344726.562500
1168569335.937500
1168793945.312500
1169018554.687500
1169243164.062500
1169467773.437500
1169692382.812500
1169916992.187500
1170141601.562500
1170366210.937500
1170590820.312500
1170815429.687500
1171040039.062500
1171264648.437500
1171489257.812500
1171713867.187500
1171938476.562500
1172163085.937500
1172387695.312500
1172612304.687500
1172836914.062500
1173061523.437500
1173286132.812500
1173510742.187500
1173735351.562500
1173959960.937500
1174184570.312500
1174409179.687500
1174633789.062500
1174858398.437500
1175083007.812500
1175307617.187500
1175532226.562500
1175756835.937500
1175981445.312500
1176206054.687500
1176430664.062500
1176655273.437500
1176879882.812500
1177104492.187500
1177329101.562500
1177553710.937500
1177778320.312500
1178002929.687500
1178227539.062500
1178452148.437500
1178676757.812500
1178901367.187500
1179125976.562500
1179350585.937500
1179575195.312500
1179799804.687500
1180024414.062500
1180249023.437500
1180473632.812500
1180698242.187500
1180922851.562500
1181147460.937500
1181372070.312500
1181596679.687500
1181821289.062500
1182045898.437500
1182270507.812500
1182495117.187500
1182719726.562500
1182944335.937500
1183168945.312500
1183393554.687500
1183618164.062500
1183842773.437500
1184067382.812500
1184291992.187500
1184516601.562500
1184741210.937500
1184965820.312500
1185190429.687500
1185415039.062500
1185639648.437500
1185864257.812500
1186088867.187500
1186313476.562500
1186538085.937500
1186762695.312500
1186987304.687500
1187211914.062500
1187436523.437500
1187661132.812500
1187885742.187500
1188110351.562500
1188334960.937500
1188559570.312500
1188784179.687500
1189008789.062500
1189233398.437500
1189458007.812500
1189682617.187500
1189907226.562500
1190131835.937500
1190356445.312500
1190581054.687500
1190805664.062500
1191030273.437500
1191254882.812500
1191479492.187500
1191704101.562500
1191928710.937500
1192153320.312500
1192377929.687500
1192602539.062500
1192827148.437500
1193051757.812500
1193276367.187500
1193500976.562500
1193725585.937500
1193950195.312500
1194174804.687500
1194399414.062500
1194624023.437500
1194848632.812500
1195073242.187500
1195297851.562500
1195522460.937500
1195747070.312500
1195971679.687500
1196196289.062500
1196420898.437500
1196645507.812500
1196870117.187500
1197094726.562500
1197319335.937500
1197543945.312500
1197768554.687500
1197993164.062500
1198217773.437500
1198442382.812500
1198666992.187500
1198891601.562500
1199116210.937500
1199340820.312500
1199565429.687500
1199790039.062500
1200014648.437500
1200239257.812500
1200463867.187500
1200688476.562500
1200913085.937500
1201137695.312500
1201362304.687500
1201586914.062500
1201811523.437500
1202036132.812500
1202260742.187500
1202485351.562500
1202709960.937500
1202934570.312500
1203159179.687500
1203383789.062500
1203608398.437500
1203833007.812500
1204057617.187500
1204282226.562500
1204506835.937500
1204731445.312500
1204956054.687500
1205180664.062500
1205405273.437500
1205629882.812500
1205854492.187500
1206079101.562500
1206303710.937500
1206528320.312500
1206752929.687500
1206977539.062500
1207202148.437500
1207426757.812500
1207651367.187500
1207875976.562500
1208100585.937500
1208325195.312500
1208549804.687500
1208774414.062500
1208999023.437500
1209223632.812500
1209448242.187500
1209672851.562500
1209897460.937500
1210122070.312500
1210346679.687500
1210571289.062500
1210795898.437500
1211020507.812500
1211245117.187500
1211469726.562500
1211694335.937500
1211918945.312500
1212143554.687500
1212368164.062500
1212592773.437500
1212817382.812500
1213041992.187500
1213266601.562500
1213491210.937500
1213715820.312500
1213940429.687500
1214165039.062500
1214389648.437500
1214614257.812500
1214838867.187500
1215063476.562500
1215288085.937500
1215512695.312500
1215737304.687500
1215961914.062500
1216186523.437500
1216411132.812500
1216635742.187500
1216860351.562500
1217084960.937500
1217309570.312500
1217534179.687500
1217758789.062500
1217983398.437500
1218208007.812500
1218432617.187500
1218657226.562500
1218881835.937500
1219106445.312500
1219331054.687500
1219555664.062500
1219780273.437500
1220004882.812500
1220229492.187500
1220454101.562500
1220678710.937500
1220903320.312500
1221127929.687500
1221352539.062500
1221577148.437500
1221801757.812500
1222026367.187500
1222250976.562500
1222475585.937500
1222700195.312500
1222924804.687500
1223149414.062500
1223374023.437500
1223598632.812500
1223823242.187500
1224047851.562500
1224272460.937500
1224497070.312500
1224721679.687500
1224946289.062500
1225170898.437500
1225395507.812500
1225620117.187500
1225844726.562500
1226069335.937500
1226293945.312500
1226518554.687500
1226743164.062500
1226967773.437500
1227192382.812500
1227416992.187500
1227641601.562500
1227866210.937500
1228090820.312500
1228315429.687500
1228540039.062500
1228764648.437500
1228989257.812500
1229213867.187500
1229438476.562500
1229663085.937500
1229887695.312500
1230112304.687500
1230336914.062500
1230561523.437500
1230786132.812500
1231010742.187500
1231235351.562500
1231459960.937500
1231684570.312500
1231909179.687500
1232133789.062500
1232358398.437500
1232583007.812500
1232807617.187500
1233032226.562500
1233256835.937500
1233481445.312500
1233706054.687500
1233930664.062500
1234155273.437500
1234379882.812500
1234604492.187500
1234829101.562500
1235053710.937500
1235278320.312500
1235502929.687500
1235727539.062500
1235952148.437500
1236176757.812500
1236401367.187500
1236625976.562500
1236850585.937500
1237075195.312500
1237299804.687500
1237524414.062500
1237749023.437500
1237973632.812500
1238198242.187500
1238422851.562500
1238647460.937500
1238872070.312500
1239096679.687500
1239321289.062500
1239545898.437500
1239770507.812500
1239995117.187500
1240219726.562500
1240444335.937500
1240668945.312500
1240893554.687500
1241118164.062500
1241342773.437500
1241567382.812500
1241791992.187500
1242016601.562500
1242241210.937500
1242465820.312500
1242690429.687500
1242915039.062500
1243139648.437500
1243364257.812500
1243588867.187500
1243813476.562500
1244038085.937500
1244262695.312500
1244487304.687500
1244711914.062500
1244936523.437500
1245161132.812500
1245385742.187500
1245610351.562500
1245834960.937500
1246059570.312500
1246284179.687500
1246508789.062500
1246733398.437500
1246958007.812500
1247182617.187500
1247407226.562500
1247631835.937500
1247856445.312500
1248081054.687500
1248305664.062500
1248530273.437500
1248754882.812500
1248979492.187500
1249204101.562500
1249428710.937500
1249653320.312500
1249877929.687500
1250102539.062500
1250327148.437500
1250551757.812500
1250776367.187500
1251000976.562500
1251225585.937500
1251450195.312500
1251674804.687500
1251899414.062500
1252124023.437500
1252348632.812500
1252573242.187500
1252797851.562500
1253022460.937500
1253247070.312500
1253471679.687500
1253696289.062500
1253920898.437500
1254145507.812500
1254370117.187500
1254594726.562500
1254819335.937500
1255043945.312500
1255268554.687500
1255493164.062500
1255717773.437500
1255942382.812500
1256166992.187500
1256391601.562500
1256616210.937500
1256840820.312500
1257065429.687500
1257290039.062500
1257514648.437500
1257739257.812500
1257963867.187500
1258188476.562500
1258413085.937500
1258637695.312500
1258862304.687500
1259086914.062500
1259311523.437500
1259536132.812500
1259760742.187500
1259985351.562500
1260209960.937500
1260434570.312500
1260659179.687500
1260883789.062500
1261108398.437500
1261333007.812500
1261557617.187500
1261782226.562500
1262006835.937500
1262231445.312500
1262456054.687500
1262680664.062500
1262905273.437500
1263129882.812500
1263354492.187500
1263579101.562500
1263803710.937500
1264028320.312500
1264252929.687500
1264477539.062500
1264702148.437500
1264926757.812500
1265151367.187500
1265375976.562500
1265600585.937500
1265825195.312500
1266049804.687500
1266274414.062500
1266499023.437500
1266723632.812500
1266948242.187500
1267172851.562500
1267397460.937500
1267622070.312500
1267846679.687500
1268071289.062500
1268295898.437500
1268520507.812500
1268745117.187500
1268969726.562500
1269194335.937500
1269418945.312500
1269643554.687500
1269868164.062500
1270092773.437500
1270317382.812500
1270541992.187500
1270766601.562500
1270991210.937500
1271215820.312500
1271440429.687500
1271665039.062500
1271889648.437500
1272114257.812500
1272338867.187500
1272563476.562500
1272788085.937500
1273012695.312500
1273237304.687500
1273461914.062500
1273686523.437500
1273911132.812500
1274135742.187500
1274360351.562500
1274584960.937500
1274809570.312500
1275034179.687500
1275258789.062500
1275483398.437500
1275708007.812500
1275932617.187500
1276157226.562500
1276381835.937500
1276606445.312500
1276831054.687500
1277055664.062500
1277280273.437500
1277504882.812500
1277729492.187500
1277954101.562500
1278178710.937500
1278403320.312500
1278627929.687500
1278852539.062500
1279077148.437500
1279301757.812500
1279526367.187500
1279750976.562500
1279975585.937500
1280200195.312500
1280424804.687500
1280649414.062500
1280874023.437500
1281098632.812500
1281323242.187500
1281547851.562500
1281772460.937500
1281997070.312500
1282221679.687500
1282446289.062500
1282670898.437500
1282895507.812500
1283120117.187500
1283344726.562500
1283569335.937500
1283793945.312500
1284018554.687500
1284243164.062500
1284467773.437500
1284692382.812500
1284916992.187500
1285141601.562500
1285366210.937500
1285590820.312500
1285815429.687500
1286040039.062500
1286264648.437500
1286489257.812500
1286713867.187500
1286938476.562500
1287163085.937500
1287387695.312500
1287612304.687500
1287836914.062500
1288061523.437500
1288286132.812500
1288510742.187500
1288735351.562500
1288959960.937500
1289184570.312500
1289409179.687500
1289633789.062500
1289858398.437500
1290083007.812500
1290307617.187500
1290532226.562500
1290756835.937500
1290981445.312500
1291206054.687500
1291430664.062500
1291655273.437500
1291879882.812500
1292104492.187500
1292329101.562500
1292553710.937500
1292778320.312500
1293002929.687500
1293227539.062500
1293452148.437500
1293676757.812500
1293901367.187500
1294125976.562500
1294350585.937500
1294575195.312500
1294799804.687500
1295024414.062500
1295249023.437500
1295473632.812500
1295698242.187500
1295922851.562500
1296147460.937500
1296372070.312500
1296596679.687500
1296821289.062500
1297045898.437500
1297270507.812500
1297495117.187500
1297719726.562500
1297944335.937500
1298168945.312500
1298393554.687500
1298618164.062500
1298842773.437500
1299067382.812500
1299291992.187500
1299516601.562500
1299741210.937500
1299965820.312500
1300190429.687500
1300415039.062500
1300639648.437500
1300864257.812500
1301088867.187500
1301313476.562500
1301538085.937500
1301762695.312500
1301987304.687500
1302211914.062500
1302436523.437500
1302661132.812500
1302885742.187500
1303110351.562500
1303334960.937500
1303559570.312500
1303784179.687500
1304008789.062500
1304233398.437500
1304458007.812500
1304682617.187500
1304907226.562500
1305131835.937500
1305356445.312500
1305581054.687500
1305805664.062500
1306030273.437500
1306254882.812500
1306479492.187500
1306704101.562500
1306928710.937500
1307153320.312500
1307377929.687500
1307602539.062500
1307827148.437500
1308051757.812500
1308276367.187500
1308500976.562500
1308725585.937500
1308950195.312500
1309174804.687500
1309399414.062500
1309624023.437500
1309848632.812500
1310073242.187500
1310297851.562500
1310522460.937500
1310747070.312500
1310971679.687500
1311196289.062500
1311420898.437500
1311645507.812500
1311870117.187500
1312094726.562500
1312319335.937500
1312543945.312500
1312768554.687500
1312993164.062500
1313217773.437500
1313442382.812500
1313666992.187500
1313891601.562500
1314116210.937500
1314340820.312500
1314565429.687500
1314790039.062500
1315014648.437500
1315239257.812500
1315463867.187500
1315688476.562500
1315913085.937500
1316137695.312500
1316362304.687500
1316586914.062500
1316811523.437500
1317036132.812500
1317260742.187500
1317485351.562500
1317709960.937500
1317934570.312500
1318159179.687500
1318383789.062500
1318608398.437500
1318833007.812500
1319057617.187500
1319282226.562500
1319506835.937500
1319731445.312500
1319956054.687500
1320180664.062500
1320405273.437500
1320629882.812500
1320854492.187500
1321079101.562500
1321303710.937500
1321528320.312500
1321752929.687500
1321977539.062500
1322202148.437500
1322426757.812500
1322651367.187500
1322875976.562500
1323100585.937500
1323325195.312500
1323549804.687500
1323774414.062500
1323999023.437500
1324223632.812500
1324448242.187500
1324672851.562500
1324897460.937500
1325122070.312500
1325346679.687500
1325571289.062500
1325795898.437500
1326020507.812500
1326245117.187500
1326469726.562500
1326694335.937500
1326918945.312500
1327143554.687500
1327368164.062500
1327592773.437500
1327817382.812500
1328041992.187500
1328266601.562500
1328491210.937500
1328715820.312500
1328940429.687500
1329165039.062500
1329389648.437500
1329614257.812500
1329838867.187500
1330063476.562500
1330288085.937500
1330512695.312500
1330737304.687500
1330961914.062500
1331186523.437500
1331411132.812500
1331635742.187500
1331860351.562500
1332084960.937500
1332309570.312500
1332534179.687500
1332758789.062500
1332983398.437500
1333208007.812500
1333432617.187500
1333657226.562500
1333881835.937500
1334106445.312500
1334331054.687500
1334555664.062500
1334780273.437500
1335004882.812500
1335229492.187500
1335454101.562500
1335678710.937500
1335903320.312500
1336127929.687500
1336352539.062500
1336577148.437500
1336801757.812500
1337026367.187500
1337250976.562500
1337475585.937500
1337700195.312500
1337924804.687500
1338149414.062500
1338374023.437500
1338598632.812500
1338823242.187500
1339047851.562500
1339272460.937500
1339497070.312500
1339721679.687500
1339946289.062500
1340170898.437500
1340395507.812500
1340620117.187500
1340844726.562500
1341069335.937500
1341293945.312500
1341518554.687500
1341743164.062500
1341967773.437500
1342192382.812500
1342416992.187500
1342641601.562500
1342866210.937500
1343090820.312500
1343315429.687500
1343540039.062500
1343764648.437500
1343989257.812500
1344213867.187500
1344438476.562500
1344663085.937500
1344887695.312500
1345112304.687500
1345336914.062500
1345561523.437500
1345786132.812500
1346010742.187500
1346235351.562500
1346459960.937500
1346684570.312500
1346909179.687500
1347133789.062500
1347358398.437500
1347583007.812500
1347807617.187500
1348032226.562500
1348256835.937500
1348481445.312500
1348706054.687500
1348930664.062500
1349155273.437500
1349379882.812500
1349604492.187500
1349829101.562500
1350053710.937500
1350278320.312500
1350502929.687500
1350727539.062500
1350952148.437500
1351176757.812500
1351401367.187500
1351625976.562500
1351850585.937500
1352075195.312500
1352299804.687500
1352524414.062500
1352749023.437500
1352973632.812500
1353198242.187500
1353422851.562500
1353647460.937500
1353872070.312500
1354096679.687500
1354321289.062500
1354545898.437500
1354770507.812500
1354995117.187500
1355219726.562500
1355444335.937500
1355668945.312500
1355893554.687500
1356118164.062500
1356342773.437500
1356567382.812500
1356791992.187500
1357016601.562500
1357241210.937500
1357465820.312500
1357690429.687500
1357915039.062500
1358139648.437500
1358364257.812500
1358588867.187500
1358813476.562500
1359038085.937500
1359262695.312500
1359487304.687500
1359711914.062500
1359936523.437500
1360161132.812500
1360385742.187500
1360610351.562500
1360834960.937500
1361059570.312500
1361284179.687500
1361508789.062500
1361733398.437500
1361958007.812500
1362182617.187500
1362407226.562500
1362631835.937500
1362856445.312500
1363081054.687500
1363305664.062500
1363530273.437500
1363754882.812500
1363979492.187500
1364204101.562500
1364428710.937500
1364653320.312500
1364877929.687500
1365102539.062500
1365327148.437500
1365551757.812500
1365776367.187500
1366000976.562500
1366225585.937500
1366450195.312500
1366674804.687500
1366899414.062500
1367124023.437500
1367348632.812500
1367573242.187500
1367797851.562500
1368022460.937500
1368247070.312500
1368471679.687500
1368696289.062500
1368920898.437500
1369145507.812500
1369370117.187500
1369594726.562500
1369819335.937500
1370043945.312500
1370268554.687500
1370493164.062500
1370717773.437500
1370942382.812500
1371166992.187500
1371391601.562500
1371616210.937500
1371840820.312500
1372065429.687500
1372290039.062500
1372514648.437500
1372739257.812500
1372963867.187500
1373188476.562500
1373413085.937500
1373637695.312500
1373862304.687500
1374086914.062500
1374311523.437500
1374536132.812500
1374760742.187500
1374985351.562500
1375209960.937500
1375434570.312500
1375659179.687500
1375883789.062500
1376108398.437500
1376333007.812500
1376557617.187500
1376782226.562500
1377006835.937500
1377231445.312500
1377456054.687500
1377680664.062500
1377905273.437500
1378129882.812500
1378354492.187500
1378579101.562500
1378803710.937500
1379028320.312500
1379252929.687500
1379477539.062500
1379702148.437500
1379926757.812500
1380151367.187500
1380375976.562500
1380600585.937500
1380825195.312500
1381049804.687500
1381274414.062500
1381499023.437500
1381723632.812500
1381948242.187500
1382172851.562500
1382397460.937500
1382622070.312500
1382846679.687500
1383071289.062500
1383295898.437500
1383520507.812500
1383745117.187500
1383969726.562500
1384194335.937500
1384418945.312500
1384643554.687500
1384868164.062500
1385092773.437500
1385317382.812500
1385541992.187500
1385766601.562500
1385991210.937500
1386215820.312500
1386440429.687500
1386665039.062500
1386889648.437500
1387114257.812500
1387338867.187500
1387563476.562500
1387788085.937500
1388012695.312500
1388237304.687500
1388461914.062500
1388686523.437500
1388911132.812500
1389135742.187500
1389360351.562500
1389584960.937500
1389809570.312500
1390034179.687500
1390258789.062500
1390483398.437500
1390708007.812500
1390932617.187500
1391157226.562500
1391381835.937500
1391606445.312500
1391831054.687500
1392055664.062500
1392280273.437500
1392504882.812500
1392729492.187500
1392954101.562500
1393178710.937500
1393403320.312500
1393627929.687500
1393852539.062500
1394077148.437500
1394301757.812500
1394526367.187500
1394750976.562500
1394975585.937500
1395200195.312500
1395424804.687500
1395649414.062500
1395874023.437500
1396098632.812500
1396323242.187500
1396547851.562500
1396772460.937500
1396997070.312500
1397221679.687500
1397446289.062500
1397670898.437500
1397895507.812500
1398120117.187500
1398344726.562500
1398569335.937500
1398793945.312500
1399018554.687500
1399243164.062500
1399467773.437500
1399692382.812500
1399916992.187500
1400141601.562500
1400366210.937500
1400590820.312500
1400815429.687500
1401040039.062500
1401264648.437500
1401489257.812500
1401713867.187500
1401938476.562500
1402163085.937500
1402387695.312500
1402612304.687500
1402836914.062500
1403061523.437500
1403286132.812500
1403510742.187500
1403735351.562500
1403959960.937500
1404184570.312500
1404409179.687500
1404633789.062500
1404858398.437500
1405083007.812500
1405307617.187500
1405532226.562500
1405756835.937500
1405981445.312500
1406206054.687500
1406430664.062500
1406655273.437500
1406879882.812500
1407104492.187500
1407329101.562500
1407553710.937500
1407778320.312500
1408002929.687500
1408227539.062500
1408452148.437500
1408676757.812500
1408901367.187500
1409125976.562500
1409350585.937500
1409575195.312500
1409799804.687500
1410024414.062500
1410249023.437500
1410473632.812500
1410698242.187500
1410922851.562500
1411147460.937500
1411372070.312500
1411596679.687500
1411821289.062500
1412045898.437500
1412270507.812500
1412495117.187500
1412719726.562500
1412944335.937500
1413168945.312500
1413393554.687500
1413618164.062500
1413842773.437500
1414067382.812500
1414291992.187500
1414516601.562500
1414741210.937500
1414965820.312500
1415190429.687500
1415415039.062500
1415639648.437500
1415864257.812500
1416088867.187500
1416313476.562500
1416538085.937500
1416762695.312500
1416987304.687500
1417211914.062500
1417436523.437500
1417661132.812500
1417885742.187500
1418110351.562500
1418334960.937500
1418559570.312500
1418784179.687500
1419008789.062500
1419233398.437500
1419458007.812500
1419682617.187500
1419907226.562500
1420131835.937500
1420356445.312500
1420581054.687500
1420805664.062500
1421030273.437500
1421254882.812500
1421479492.187500
1421704101.562500
1421928710.937500
1422153320.312500
1422377929.687500
1422602539.062500
1422827148.437500
1423051757.812500
1423276367.187500
1423500976.562500
1423725585.937500
1423950195.312500
1424174804.687500
1424399414.062500
1424624023.437500
1424848632.812500
1425073242.187500
1425297851.562500
1425522460.937500
1425747070.312500
1425971679.687500
1426196289.062500
1426420898.437500
1426645507.812500
1426870117.187500
1427094726.562500
1427319335.937500
1427543945.312500
1427768554.687500
1427993164.062500
1428217773.437500
1428442382.812500
1428666992.187500
1428891601.562500
1429116210.937500
1429340820.312500
1429565429.687500
1429790039.062500
1430014648.437500
1430239257.812500
1430463867.187500
1430688476.562500
1430913085.937500
1431137695.312500
1431362304.687500
1431586914.062500
1431811523.437500
1432036132.812500
1432260742.187500
1432485351.562500
1432709960.937500
1432934570.312500
1433159179.687500
1433383789.062500
1433608398.437500
1433833007.812500
1434057617.187500
1434282226.562500
1434506835.937500
1434731445.312500
1434956054.687500
1435180664.062500
1435405273.437500
1435629882.812500
1435854492.187500
1436079101.562500
1436303710.937500
1436528320.312500
1436752929.687500
1436977539.062500
1437202148.437500
1437426757.812500
1437651367.187500
1437875976.562500
1438100585.937500
1438325195.312500
1438549804.687500
1438774414.062500
1438999023.437500
1439223632.812500
1439448242.187500
1439672851.562500
1439897460.937500
1440122070.312500
1440346679.687500
1440571289.062500
1440795898.437500
1441020507.812500
1441245117.187500
1441469726.562500
1441694335.937500
1441918945.312500
1442143554.687500
1442368164.062500
1442592773.437500
1442817382.812500
1443041992.187500
1443266601.562500
1443491210.937500
1443715820.312500
1443940429.687500
1444165039.062500
1444389648.437500
1444614257.812500
1444838867.187500
1445063476.562500
1445288085.937500
1445512695.312500
1445737304.687500
1445961914.062500
1446186523.437500
1446411132.812500
1446635742.187500
1446860351.562500
1447084960.937500
1447309570.312500
1447534179.687500
1447758789.062500
1447983398.437500
1448208007.812500
1448432617.187500
1448657226.562500
1448881835.937500
1449106445.312500
1449331054.687500
1449555664.062500
1449780273.437500
1450004882.812500
1450229492.187500
1450454101.562500
1450678710.937500
1450903320.312500
1451127929.687500
1451352539.062500
1451577148.437500
1451801757.812500
1452026367.187500
1452250976.562500
1452475585.937500
1452700195.312500
1452924804.687500
1453149414.062500
1453374023.437500
1453598632.812500
1453823242.187500
1454047851.562500
1454272460.937500
1454497070.312500
1454721679.687500
1454946289.062500
1455170898.437500
1455395507.812500
1455620117.187500
1455844726.562500
1456069335.937500
1456293945.312500
1456518554.687500
1456743164.062500
1456967773.437500
1457192382.812500
1457416992.187500
1457641601.562500
1457866210.937500
1458090820.312500
1458315429.687500
1458540039.062500
1458764648.437500
1458989257.812500
1459213867.187500
1459438476.562500
1459663085.937500
1459887695.312500
