1000488281.250000
1001464843.750000
1002441406.250000
1003417968.750000
1004394531.250000
1005371093.750000
1006347656.250000
1007324218.750000
1008300781.250000
1009277343.750000
1010253906.250000
1011230468.750000
1012207031.250000
1013183593.750000
1014160156.250000
1015136718.750000
1016113281.250000
1017089843.750000
1018066406.250000
1019042968.750000
1020019531.250000
1020996093.750000
1021972656.250000
1022949218.750000
1023925781.250000
1024902343.750000
1025878906.250000
1026855468.750000
1027832031.250000
1028808593.750000
1029785156.250000
1030761718.750000
1031738281.250000
1032714843.750000
1033691406.250000
1034667968.750000
1035644531.250000
1036621093.750000
1037597656.250000
1038574218.750000
1039550781.250000
1040527343.750000
1041503906.250000
1042480468.750000
1043457031.250000
1044433593.750000
1045410156.250000
1046386718.750000
1047363281.250000
1048339843.750000
1049316406.250000
1050292968.750000
1051269531.250000
1052246093.750000
1053222656.250000
1054199218.750000
1055175781.250000
1056152343.750000
1057128906.250000
1058105468.750000
1059082031.250000
1060058593.750000
1061035156.250000
1062011718.750000
1062988281.250000
1063964843.750000
1064941406.250000
1065917968.750000
1066894531.250000
1067871093.750000
1068847656.250000
1069824218.750000
1070800781.250000
1071777343.750000
1072753906.250000
1073730468.750000
1074707031.250000
1075683593.750000
1076660156.250000
1077636718.750000
1078613281.250000
1079589843.750000
1080566406.250000
1081542968.750000
1082519531.250000
1083496093.750000
1084472656.250000
1085449218.750000
1086425781.250000
1087402343.750000
1088378906.250000
1089355468.750000
1090332031.250000
1091308593.750000
1092285156.250000
1093261718.750000
1094238281.250000
1095214843.750000
1096191406.250000
1097167968.750000
1098144531.250000
1099121093.750000
1100097656.250000
1101074218.750000
1102050781.250000
1103027343.750000
1104003906.250000
1104980468.750000
1105957031.250000
1106933593.750000
1107910156.250000
1108886718.750000
1109863281.250000
1110839843.750000
1111816406.250000
1112792968.750000
1113769531.250000
1114746093.750000
1115722656.250000
1116699218.750000
1117675781.250000
1118652343.750000
1119628906.250000
1120605468.750000
1121582031.250000
1122558593.750000
1123535156.250000
1124511718.750000
1125488281.250000
1126464843.750000
1127441406.250000
1128417968.750000
1129394531.250000
1130371093.750000
1131347656.250000
1132324218.750000
1133300781.250000
1134277343.750000
1135253906.250000
1136230468.750000
1137207031.250000
1138183593.750000
1139160156.250000
1140136718.750000
1141113281.250000
1142089843.750000
1143066406.250000
1144042968.750000
1145019531.250000
1145996093.750000
1146972656.250000
1147949218.750000
1148925781.250000
1149902343.750000
1150878906.250000
1151855468.750000
1152832031.250000
1153808593.750000
1154785156.250000
1155761718.750000
1156738281.250000
1157714843.750000
1158691406.250000
1159667968.750000
1160644531.250000
1161621093.750000
1162597656.250000
1163574218.750000
1164550781.250000
1165527343.750000
1166503906.250000
1167480468.750000
1168457031.250000
1169433593.750000
1170410156.250000
1171386718.750000
1172363281.250000
1173339843.750000
1174316406.250000
1175292968.750000
1176269531.250000
1177246093.750000
1178222656.250000
1179199218.750000
1180175781.250000
1181152343.750000
1182128906.250000
1183105468.750000
1184082031.250000
1185058593.750000
1186035156.250000
1187011718.750000
1187988281.250000
1188964843.750000
1189941406.250000
1190917968.750000
1191894531.250000
1192871093.750000
1193847656.250000
1194824218.750000
1195800781.250000
1196777343.750000
1197753906.250000
1198730468.750000
1199707031.250000
1200683593.750000
1201660156.250000
1202636718.750000
1203613281.250000
1204589843.750000
1205566406.250000
1206542968.750000
1207519531.250000
1208496093.750000
1209472656.250000
1210449218.750000
1211425781.250000
1212402343.750000
1213378906.250000
1214355468.750000
1215332031.250000
1216308593.750000
1217285156.250000
1218261718.750000
1219238281.250000
1220214843.750000
1221191406.250000
1222167968.750000
1223144531.250000
1224121093.750000
1225097656.250000
1226074218.750000
1227050781.250000
1228027343.750000
1229003906.250000
1229980468.750000
1230957031.250000
1231933593.750000
1232910156.250000
1233886718.750000
1234863281.250000
1235839843.750000
1236816406.250000
1237792968.750000
1238769531.250000
1239746093.750000
1240722656.250000
1241699218.750000
1242675781.250000
1243652343.750000
1244628906.250000
1245605468.750000
1246582031.250000
1247558593.750000
1248535156.250000
1249511718.750000
1250488281.250000
1251464843.750000
1252441406.250000
1253417968.750000
1254394531.250000
1255371093.750000
1256347656.250000
1257324218.750000
1258300781.250000
1259277343.750000
1260253906.250000
1261230468.750000
1262207031.250000
1263183593.750000
1264160156.250000
1265136718.750000
1266113281.250000
1267089843.750000
1268066406.250000
1269042968.750000
1270019531.250000
1270996093.750000
1271972656.250000
1272949218.750000
1273925781.250000
1274902343.750000
1275878906.250000
1276855468.750000
1277832031.250000
1278808593.750000
1279785156.250000
1280761718.750000
1281738281.250000
1282714843.750000
1283691406.250000
1284667968.750000
1285644531.250000
1286621093.750000
1287597656.250000
1288574218.750000
1289550781.250000
1290527343.750000
1291503906.250000
1292480468.750000
1293457031.250000
1294433593.750000
1295410156.250000
1296386718.750000
1297363281.250000
1298339843.750000
1299316406.250000
1300292968.750000
1301269531.250000
1302246093.750000
1303222656.250000
1304199218.750000
1305175781.250000
1306152343.750000
1307128906.250000
1308105468.750000
1309082031.250000
1310058593.750000
1311035156.250000
1312011718.750000
1312988281.250000
1313964843.750000
1314941406.250000
1315917968.750000
1316894531.250000
1317871093.750000
1318847656.250000
1319824218.750000
1320800781.250000
1321777343.750000
1322753906.250000
1323730468.750000
1324707031.250000
1325683593.750000
1326660156.250000
1327636718.750000
1328613281.250000
1329589843.750000
1330566406.250000
1331542968.750000
1332519531.250000
1333496093.750000
1334472656.250000
1335449218.750000
1336425781.250000
1337402343.750000
1338378906.250000
1339355468.750000
1340332031.250000
1341308593.750000
1342285156.250000
1343261718.750000
1344238281.250000
1345214843.750000
1346191406.250000
1347167968.750000
1348144531.250000
1349121093.750000
1350097656.250000
1351074218.750000
1352050781.250000
1353027343.750000
1354003906.250000
1354980468.750000
1355957031.250000
1356933593.750000
1357910156.250000
1358886718.750000
1359863281.250000
1360839843.750000
1361816406.250000
1362792968.750000
1363769531.250000
1364746093.750000
1365722656.250000
1366699218.750000
1367675781.250000
1368652343.750000
1369628906.250000
1370605468.750000
1371582031.250000
1372558593.750000
1373535156.250000
1374511718.750000
1375488281.250000
1376464843.750000
1377441406.250000
1378417968.750000
1379394531.250000
1380371093.750000
1381347656.250000
1382324218.750000
1383300781.250000
1384277343.750000
1385253906.250000
1386230468.750000
1387207031.250000
1388183593.750000
1389160156.250000
1390136718.750000
1391113281.250000
1392089843.750000
1393066406.250000
1394042968.750000
1395019531.250000
1395996093.750000
1396972656.250000
1397949218.750000
1398925781.250000
1399902343.750000
1400878906.250000
1401855468.750000
1402832031.250000
1403808593.750000
1404785156.250000
1405761718.750000
1406738281.250000
1407714843.750000
1408691406.250000
1409667968.750000
1410644531.250000
1411621093.750000
1412597656.250000
1413574218.750000
1414550781.250000
1415527343.750000
1416503906.250000
1417480468.750000
1418457031.250000
1419433593.750000
1420410156.250000
1421386718.750000
1422363281.250000
1423339843.750000
1424316406.250000
1425292968.750000
1426269531.250000
1427246093.750000
1428222656.250000
1429199218.750000
1430175781.250000
1431152343.750000
1432128906.250000
1433105468.750000
1434082031.250000
1435058593.750000
1436035156.250000
1437011718.750000
1437988281.250000
1438964843.750000
1439941406.250000
1440917968.750000
1441894531.250000
1442871093.750000
1443847656.250000
1444824218.750000
1445800781.250000
1446777343.750000
1447753906.250000
1448730468.750000
1449707031.250000
1450683593.750000
1451660156.250000
1452636718.750000
1453613281.250000
1454589843.750000
1455566406.250000
1456542968.750000
1457519531.250000
1458496093.750000
1459472656.250000
1460449218.750000
1461425781.250000
1462402343.750000
1463378906.250000
1464355468.750000
1465332031.250000
1466308593.750000
1467285156.250000
1468261718.750000
1469238281.250000
1470214843.750000
1471191406.250000
1472167968.750000
1473144531.250000
1474121093.750000
1475097656.250000
1476074218.750000
1477050781.250000
1478027343.750000
1479003906.250000
1479980468.750000
1480957031.250000
1481933593.750000
1482910156.250000
1483886718.750000
1484863281.250000
1485839843.750000
1486816406.250000
1487792968.750000
1488769531.250000
1489746093.750000
1490722656.250000
1491699218.750000
1492675781.250000
1493652343.750000
1494628906.250000
1495605468.750000
1496582031.250000
1497558593.750000
1498535156.250000
1499511718.750000
1500488281.250000
1501464843.750000
1502441406.250000
1503417968.750000
1504394531.250000
1505371093.750000
1506347656.250000
1507324218.750000
1508300781.250000
1509277343.750000
1510253906.250000
1511230468.750000
1512207031.250000
1513183593.750000
1514160156.250000
1515136718.750000
1516113281.250000
1517089843.750000
1518066406.250000
1519042968.750000
1520019531.250000
1520996093.750000
1521972656.250000
1522949218.750000
1523925781.250000
1524902343.750000
1525878906.250000
1526855468.750000
1527832031.250000
1528808593.750000
1529785156.250000
1530761718.750000
1531738281.250000
1532714843.750000
1533691406.250000
1534667968.750000
1535644531.250000
1536621093.750000
1537597656.250000
1538574218.750000
1539550781.250000
1540527343.750000
1541503906.250000
1542480468.750000
1543457031.250000
1544433593.750000
1545410156.250000
1546386718.750000
1547363281.250000
1548339843.750000
1549316406.250000
1550292968.750000
1551269531.250000
1552246093.750000
1553222656.250000
1554199218.750000
1555175781.250000
1556152343.750000
1557128906.250000
1558105468.750000
1559082031.250000
1560058593.750000
1561035156.250000
1562011718.750000
1562988281.250000
1563964843.750000
1564941406.250000
1565917968.750000
1566894531.250000
1567871093.750000
1568847656.250000
1569824218.750000
1570800781.250000
1571777343.750000
1572753906.250000
1573730468.750000
1574707031.250000
1575683593.750000
1576660156.250000
1577636718.750000
1578613281.250000
1579589843.750000
1580566406.250000
1581542968.750000
1582519531.250000
1583496093.750000
1584472656.250000
1585449218.750000
1586425781.250000
1587402343.750000
1588378906.250000
1589355468.750000
1590332031.250000
1591308593.750000
1592285156.250000
1593261718.750000
1594238281.250000
1595214843.750000
1596191406.250000
1597167968.750000
1598144531.250000
1599121093.750000
1600097656.250000
1601074218.750000
1602050781.250000
1603027343.750000
1604003906.250000
1604980468.750000
1605957031.250000
1606933593.750000
1607910156.250000
1608886718.750000
1609863281.250000
1610839843.750000
1611816406.250000
1612792968.750000
1613769531.250000
1614746093.750000
1615722656.250000
1616699218.750000
1617675781.250000
1618652343.750000
1619628906.250000
1620605468.750000
1621582031.250000
1622558593.750000
1623535156.250000
1624511718.750000
1625488281.250000
1626464843.750000
1627441406.250000
1628417968.750000
1629394531.250000
1630371093.750000
1631347656.250000
1632324218.750000
1633300781.250000
1634277343.750000
1635253906.250000
1636230468.750000
1637207031.250000
1638183593.750000
1639160156.250000
1640136718.750000
1641113281.250000
1642089843.750000
1643066406.250000
1644042968.750000
1645019531.250000
1645996093.750000
1646972656.250000
1647949218.750000
1648925781.250000
1649902343.750000
1650878906.250000
1651855468.750000
1652832031.250000
1653808593.750000
1654785156.250000
1655761718.750000
1656738281.250000
1657714843.750000
1658691406.250000
1659667968.750000
1660644531.250000
1661621093.750000
1662597656.250000
1663574218.750000
1664550781.250000
1665527343.750000
1666503906.250000
1667480468.750000
1668457031.250000
1669433593.750000
1670410156.250000
1671386718.750000
1672363281.250000
1673339843.750000
1674316406.250000
1675292968.750000
1676269531.250000
1677246093.750000
1678222656.250000
1679199218.750000
1680175781.250000
1681152343.750000
1682128906.250000
1683105468.750000
1684082031.250000
1685058593.750000
1686035156.250000
1687011718.750000
1687988281.250000
1688964843.750000
1689941406.250000
1690917968.750000
1691894531.250000
1692871093.750000
1693847656.250000
1694824218.750000
1695800781.250000
1696777343.750000
1697753906.250000
1698730468.750000
1699707031.250000
1700683593.750000
1701660156.250000
1702636718.750000
1703613281.250000
1704589843.750000
1705566406.250000
1706542968.750000
1707519531.250000
1708496093.750000
1709472656.250000
1710449218.750000
1711425781.250000
1712402343.750000
1713378906.250000
1714355468.750000
1715332031.250000
1716308593.750000
1717285156.250000
1718261718.750000
1719238281.250000
1720214843.750000
1721191406.250000
1722167968.750000
1723144531.250000
1724121093.750000
1725097656.250000
1726074218.750000
1727050781.250000
1728027343.750000
1729003906.250000
1729980468.750000
1730957031.250000
1731933593.750000
1732910156.250000
1733886718.750000
1734863281.250000
1735839843.750000
1736816406.250000
1737792968.750000
1738769531.250000
1739746093.750000
1740722656.250000
1741699218.750000
1742675781.250000
1743652343.750000
1744628906.250000
1745605468.750000
1746582031.250000
1747558593.750000
1748535156.250000
1749511718.750000
1750488281.250000
1751464843.750000
1752441406.250000
1753417968.750000
1754394531.250000
1755371093.750000
1756347656.250000
1757324218.750000
1758300781.250000
1759277343.750000
1760253906.250000
1761230468.750000
1762207031.250000
1763183593.750000
1764160156.250000
1765136718.750000
1766113281.250000
1767089843.750000
1768066406.250000
1769042968.750000
1770019531.250000
1770996093.750000
1771972656.250000
1772949218.750000
1773925781.250000
1774902343.750000
1775878906.250000
1776855468.750000
1777832031.250000
1778808593.750000
1779785156.250000
1780761718.750000
1781738281.250000
1782714843.750000
1783691406.250000
1784667968.750000
1785644531.250000
1786621093.750000
1787597656.250000
1788574218.750000
1789550781.250000
1790527343.750000
1791503906.250000
1792480468.750000
1793457031.250000
1794433593.750000
1795410156.250000
1796386718.750000
1797363281.250000
1798339843.750000
1799316406.250000
1800292968.750000
1801269531.250000
1802246093.750000
1803222656.250000
1804199218.750000
1805175781.250000
1806152343.750000
1807128906.250000
1808105468.750000
1809082031.250000
1810058593.750000
1811035156.250000
1812011718.750000
1812988281.250000
1813964843.750000
1814941406.250000
1815917968.750000
1816894531.250000
1817871093.750000
1818847656.250000
1819824218.750000
1820800781.250000
1821777343.750000
1822753906.250000
1823730468.750000
1824707031.250000
1825683593.750000
1826660156.250000
1827636718.750000
1828613281.250000
1829589843.750000
1830566406.250000
1831542968.750000
1832519531.250000
1833496093.750000
1834472656.250000
1835449218.750000
1836425781.250000
1837402343.750000
1838378906.250000
1839355468.750000
1840332031.250000
1841308593.750000
1842285156.250000
1843261718.750000
1844238281.250000
1845214843.750000
1846191406.250000
1847167968.750000
1848144531.250000
1849121093.750000
1850097656.250000
1851074218.750000
1852050781.250000
1853027343.750000
1854003906.250000
1854980468.750000
1855957031.250000
1856933593.750000
1857910156.250000
1858886718.750000
1859863281.250000
1860839843.750000
1861816406.250000
1862792968.750000
1863769531.250000
1864746093.750000
1865722656.250000
1866699218.750000
1867675781.250000
1868652343.750000
1869628906.250000
1870605468.750000
1871582031.250000
1872558593.750000
1873535156.250000
1874511718.750000
1875488281.250000
1876464843.750000
1877441406.250000
1878417968.750000
1879394531.250000
1880371093.750000
1881347656.250000
1882324218.750000
1883300781.250000
1884277343.750000
1885253906.250000
1886230468.750000
1887207031.250000
1888183593.750000
1889160156.250000
1890136718.750000
1891113281.250000
1892089843.750000
1893066406.250000
1894042968.750000
1895019531.250000
1895996093.750000
1896972656.250000
1897949218.750000
1898925781.250000
1899902343.750000
1900878906.250000
1901855468.750000
1902832031.250000
1903808593.750000
1904785156.250000
1905761718.750000
1906738281.250000
1907714843.750000
1908691406.250000
1909667968.750000
1910644531.250000
1911621093.750000
1912597656.250000
1913574218.750000
1914550781.250000
1915527343.750000
1916503906.250000
1917480468.750000
1918457031.250000
1919433593.750000
1920410156.250000
1921386718.750000
1922363281.250000
1923339843.750000
1924316406.250000
1925292968.750000
1926269531.250000
1927246093.750000
1928222656.250000
1929199218.750000
1930175781.250000
1931152343.750000
1932128906.250000
1933105468.750000
1934082031.250000
1935058593.750000
1936035156.250000
1937011718.750000
1937988281.250000
1938964843.750000
1939941406.250000
1940917968.750000
1941894531.250000
1942871093.750000
1943847656.250000
1944824218.750000
1945800781.250000
1946777343.750000
1947753906.250000
1948730468.750000
1949707031.250000
1950683593.750000
1951660156.250000
1952636718.750000
1953613281.250000
1954589843.750000
1955566406.250000
1956542968.750000
1957519531.250000
1958496093.750000
1959472656.250000
1960449218.750000
1961425781.250000
1962402343.750000
1963378906.250000
1964355468.750000
1965332031.250000
1966308593.750000
1967285156.250000
1968261718.750000
1969238281.250000
1970214843.750000
1971191406.250000
1972167968.750000
1973144531.250000
1974121093.750000
1975097656.250000
1976074218.750000
1977050781.250000
1978027343.750000
1979003906.250000
1979980468.750000
1980957031.250000
1981933593.750000
1982910156.250000
1983886718.750000
1984863281.250000
1985839843.750000
1986816406.250000
1987792968.750000
1988769531.250000
1989746093.750000
1990722656.250000
1991699218.750000
1992675781.250000
1993652343.750000
1994628906.250000
1995605468.750000
1996582031.250000
1997558593.750000
1998535156.250000
1999511718.750000
