856104492.187500
856313476.562500
856522460.937500
856731445.312500
856940429.687500
857149414.062500
857358398.437500
857567382.812500
857776367.187500
857985351.562500
858194335.937500
858403320.312500
858612304.687500
858821289.062500
859030273.437500
859239257.812500
859448242.187500
859657226.562500
859866210.937500
860075195.312500
860284179.687500
860493164.062500
860702148.437500
860911132.812500
861120117.187500
861329101.562500
861538085.937500
861747070.312500
861956054.687500
862165039.062500
862374023.437500
862583007.812500
862791992.187500
863000976.562500
863209960.937500
863418945.312500
863627929.687500
863836914.062500
864045898.437500
864254882.812500
864463867.187500
864672851.562500
864881835.937500
865090820.312500
865299804.687500
865508789.062500
865717773.437500
865926757.812500
866135742.187500
866344726.562500
866553710.937500
866762695.312500
866971679.687500
867180664.062500
867389648.437500
867598632.812500
867807617.187500
868016601.562500
868225585.937500
868434570.312500
868643554.687500
868852539.062500
869061523.437500
869270507.812500
869479492.187500
869688476.562500
869897460.937500
870106445.312500
870315429.687500
870524414.062500
870733398.437500
870942382.812500
871151367.187500
871360351.562500
871569335.937500
871778320.312500
871987304.687500
872196289.062500
872405273.437500
872614257.812500
872823242.187500
873032226.562500
873241210.937500
873450195.312500
873659179.687500
873868164.062500
874077148.437500
874286132.812500
874495117.187500
874704101.562500
874913085.937500
875122070.312500
875331054.687500
875540039.062500
875749023.437500
875958007.812500
876166992.187500
876375976.562500
876584960.937500
876793945.312500
877002929.687500
877211914.062500
877420898.437500
877629882.812500
877838867.187500
878047851.562500
878256835.937500
878465820.312500
878674804.687500
878883789.062500
879092773.437500
879301757.812500
879510742.187500
879719726.562500
879928710.937500
880137695.312500
880346679.687500
880555664.062500
880764648.437500
880973632.812500
881182617.187500
881391601.562500
881600585.937500
881809570.312500
882018554.687500
882227539.062500
882436523.437500
882645507.812500
882854492.187500
883063476.562500
883272460.937500
883481445.312500
883690429.687500
883899414.062500
884108398.437500
884317382.812500
884526367.187500
884735351.562500
884944335.937500
885153320.312500
885362304.687500
885571289.062500
885780273.437500
885989257.812500
886198242.187500
886407226.562500
886616210.937500
886825195.312500
887034179.687500
887243164.062500
887452148.437500
887661132.812500
887870117.187500
888079101.562500
888288085.937500
888497070.312500
888706054.687500
888915039.062500
889124023.437500
889333007.812500
889541992.187500
889750976.562500
889959960.937500
890168945.312500
890377929.687500
890586914.062500
890795898.437500
891004882.812500
891213867.187500
891422851.562500
891631835.937500
891840820.312500
892049804.687500
892258789.062500
892467773.437500
892676757.812500
892885742.187500
893094726.562500
893303710.937500
893512695.312500
893721679.687500
893930664.062500
894139648.437500
894348632.812500
894557617.187500
894766601.562500
894975585.937500
895184570.312500
895393554.687500
895602539.062500
895811523.437500
896020507.812500
896229492.187500
896438476.562500
896647460.937500
896856445.312500
897065429.687500
897274414.062500
897483398.437500
897692382.812500
897901367.187500
898110351.562500
898319335.937500
898528320.312500
898737304.687500
898946289.062500
899155273.437500
899364257.812500
899573242.187500
899782226.562500
899991210.937500
900200195.312500
900409179.687500
900618164.062500
900827148.437500
901036132.812500
901245117.187500
901454101.562500
901663085.937500
901872070.312500
902081054.687500
902290039.062500
902499023.437500
902708007.812500
902916992.187500
903125976.562500
903334960.937500
903543945.312500
903752929.687500
903961914.062500
904170898.437500
904379882.812500
904588867.187500
904797851.562500
905006835.937500
905215820.312500
905424804.687500
905633789.062500
905842773.437500
906051757.812500
906260742.187500
906469726.562500
906678710.937500
906887695.312500
907096679.687500
907305664.062500
907514648.437500
907723632.812500
907932617.187500
908141601.562500
908350585.937500
908559570.312500
908768554.687500
908977539.062500
909186523.437500
909395507.812500
909604492.187500
909813476.562500
910022460.937500
910231445.312500
910440429.687500
910649414.062500
910858398.437500
911067382.812500
911276367.187500
911485351.562500
911694335.937500
911903320.312500
912112304.687500
912321289.062500
912530273.437500
912739257.812500
912948242.187500
913157226.562500
913366210.937500
913575195.312500
913784179.687500
913993164.062500
914202148.437500
914411132.812500
914620117.187500
914829101.562500
915038085.937500
915247070.312500
915456054.687500
915665039.062500
915874023.437500
916083007.812500
916291992.187500
916500976.562500
916709960.937500
916918945.312500
917127929.687500
917336914.062500
917545898.437500
917754882.812500
917963867.187500
918172851.562500
918381835.937500
918590820.312500
918799804.687500
919008789.062500
919217773.437500
919426757.812500
919635742.187500
919844726.562500
920053710.937500
920262695.312500
920471679.687500
920680664.062500
920889648.437500
921098632.812500
921307617.187500
921516601.562500
921725585.937500
921934570.312500
922143554.687500
922352539.062500
922561523.437500
922770507.812500
922979492.187500
923188476.562500
923397460.937500
923606445.312500
923815429.687500
924024414.062500
924233398.437500
924442382.812500
924651367.187500
924860351.562500
925069335.937500
925278320.312500
925487304.687500
925696289.062500
925905273.437500
926114257.812500
926323242.187500
926532226.562500
926741210.937500
926950195.312500
927159179.687500
927368164.062500
927577148.437500
927786132.812500
927995117.187500
928204101.562500
928413085.937500
928622070.312500
928831054.687500
929040039.062500
929249023.437500
929458007.812500
929666992.187500
929875976.562500
930084960.937500
930293945.312500
930502929.687500
930711914.062500
930920898.437500
931129882.812500
931338867.187500
931547851.562500
931756835.937500
931965820.312500
932174804.687500
932383789.062500
932592773.437500
932801757.812500
933010742.187500
933219726.562500
933428710.937500
933637695.312500
933846679.687500
934055664.062500
934264648.437500
934473632.812500
934682617.187500
934891601.562500
935100585.937500
935309570.312500
935518554.687500
935727539.062500
935936523.437500
936145507.812500
936354492.187500
936563476.562500
936772460.937500
936981445.312500
937190429.687500
937399414.062500
937608398.437500
937817382.812500
938026367.187500
938235351.562500
938444335.937500
938653320.312500
938862304.687500
939071289.062500
939280273.437500
939489257.812500
939698242.187500
939907226.562500
940116210.937500
940325195.312500
940534179.687500
940743164.062500
940952148.437500
941161132.812500
941370117.187500
941579101.562500
941788085.937500
941997070.312500
942206054.687500
942415039.062500
942624023.437500
942833007.812500
943041992.187500
943250976.562500
943459960.937500
943668945.312500
943877929.687500
944086914.062500
944295898.437500
944504882.812500
944713867.187500
944922851.562500
945131835.937500
945340820.312500
945549804.687500
945758789.062500
945967773.437500
946176757.812500
946385742.187500
946594726.562500
946803710.937500
947012695.312500
947221679.687500
947430664.062500
947639648.437500
947848632.812500
948057617.187500
948266601.562500
948475585.937500
948684570.312500
948893554.687500
949102539.062500
949311523.437500
949520507.812500
949729492.187500
949938476.562500
950147460.937500
950356445.312500
950565429.687500
950774414.062500
950983398.437500
951192382.812500
951401367.187500
951610351.562500
951819335.937500
952028320.312500
952237304.687500
952446289.062500
952655273.437500
952864257.812500
953073242.187500
953282226.562500
953491210.937500
953700195.312500
953909179.687500
954118164.062500
954327148.437500
954536132.812500
954745117.187500
954954101.562500
955163085.937500
955372070.312500
955581054.687500
955790039.062500
955999023.437500
956208007.812500
956416992.187500
956625976.562500
956834960.937500
957043945.312500
957252929.687500
957461914.062500
957670898.437500
957879882.812500
958088867.187500
958297851.562500
958506835.937500
958715820.312500
958924804.687500
959133789.062500
959342773.437500
959551757.812500
959760742.187500
959969726.562500
960178710.937500
960387695.312500
960596679.687500
960805664.062500
961014648.437500
961223632.812500
961432617.187500
961641601.562500
961850585.937500
962059570.312500
962268554.687500
962477539.062500
962686523.437500
962895507.812500
963104492.187500
963313476.562500
963522460.937500
963731445.312500
963940429.687500
964149414.062500
964358398.437500
964567382.812500
964776367.187500
964985351.562500
965194335.937500
965403320.312500
965612304.687500
965821289.062500
966030273.437500
966239257.812500
966448242.187500
966657226.562500
966866210.937500
967075195.312500
967284179.687500
967493164.062500
967702148.437500
967911132.812500
968120117.187500
968329101.562500
968538085.937500
968747070.312500
968956054.687500
969165039.062500
969374023.437500
969583007.812500
969791992.187500
970000976.562500
970209960.937500
970418945.312500
970627929.687500
970836914.062500
971045898.437500
971254882.812500
971463867.187500
971672851.562500
971881835.937500
972090820.312500
972299804.687500
972508789.062500
972717773.437500
972926757.812500
973135742.187500
973344726.562500
973553710.937500
973762695.312500
973971679.687500
974180664.062500
974389648.437500
974598632.812500
974807617.187500
975016601.562500
975225585.937500
975434570.312500
975643554.687500
975852539.062500
976061523.437500
976270507.812500
976479492.187500
976688476.562500
976897460.937500
977106445.312500
977315429.687500
977524414.062500
977733398.437500
977942382.812500
978151367.187500
978360351.562500
978569335.937500
978778320.312500
978987304.687500
979196289.062500
979405273.437500
979614257.812500
979823242.187500
980032226.562500
980241210.937500
980450195.312500
980659179.687500
980868164.062500
981077148.437500
981286132.812500
981495117.187500
981704101.562500
981913085.937500
982122070.312500
982331054.687500
982540039.062500
982749023.437500
982958007.812500
983166992.187500
983375976.562500
983584960.937500
983793945.312500
984002929.687500
984211914.062500
984420898.437500
984629882.812500
984838867.187500
985047851.562500
985256835.937500
985465820.312500
985674804.687500
985883789.062500
986092773.437500
986301757.812500
986510742.187500
986719726.562500
986928710.937500
987137695.312500
987346679.687500
987555664.062500
987764648.437500
987973632.812500
988182617.187500
988391601.562500
988600585.937500
988809570.312500
989018554.687500
989227539.062500
989436523.437500
989645507.812500
989854492.187500
990063476.562500
990272460.937500
990481445.312500
990690429.687500
990899414.062500
991108398.437500
991317382.812500
991526367.187500
991735351.562500
991944335.937500
992153320.312500
992362304.687500
992571289.062500
992780273.437500
992989257.812500
993198242.187500
993407226.562500
993616210.937500
993825195.312500
994034179.687500
994243164.062500
994452148.437500
994661132.812500
994870117.187500
995079101.562500
995288085.937500
995497070.312500
995706054.687500
995915039.062500
996124023.437500
996333007.812500
996541992.187500
996750976.562500
996959960.937500
997168945.312500
997377929.687500
997586914.062500
997795898.437500
998004882.812500
998213867.187500
998422851.562500
998631835.937500
998840820.312500
999049804.687500
999258789.062500
999467773.437500
999676757.812500
999885742.187500
1000094726.562500
1000303710.937500
1000512695.312500
1000721679.687500
1000930664.062500
1001139648.437500
1001348632.812500
1001557617.187500
1001766601.562500
1001975585.937500
1002184570.312500
1002393554.687500
1002602539.062500
1002811523.437500
1003020507.812500
1003229492.187500
1003438476.562500
1003647460.937500
1003856445.312500
1004065429.687500
1004274414.062500
1004483398.437500
1004692382.812500
1004901367.187500
1005110351.562500
1005319335.937500
1005528320.312500
1005737304.687500
1005946289.062500
1006155273.437500
1006364257.812500
1006573242.187500
1006782226.562500
1006991210.937500
1007200195.312500
1007409179.687500
1007618164.062500
1007827148.437500
1008036132.812500
1008245117.187500
1008454101.562500
1008663085.937500
1008872070.312500
1009081054.687500
1009290039.062500
1009499023.437500
1009708007.812500
1009916992.187500
1010125976.562500
1010334960.937500
1010543945.312500
1010752929.687500
1010961914.062500
1011170898.437500
1011379882.812500
1011588867.187500
1011797851.562500
1012006835.937500
1012215820.312500
1012424804.687500
1012633789.062500
1012842773.437500
1013051757.812500
1013260742.187500
1013469726.562500
1013678710.937500
1013887695.312500
1014096679.687500
1014305664.062500
1014514648.437500
1014723632.812500
1014932617.187500
1015141601.562500
1015350585.937500
1015559570.312500
1015768554.687500
1015977539.062500
1016186523.437500
1016395507.812500
1016604492.187500
1016813476.562500
1017022460.937500
1017231445.312500
1017440429.687500
1017649414.062500
1017858398.437500
1018067382.812500
1018276367.187500
1018485351.562500
1018694335.937500
1018903320.312500
1019112304.687500
1019321289.062500
1019530273.437500
1019739257.812500
1019948242.187500
1020157226.562500
1020366210.937500
1020575195.312500
1020784179.687500
1020993164.062500
1021202148.437500
1021411132.812500
1021620117.187500
1021829101.562500
1022038085.937500
1022247070.312500
1022456054.687500
1022665039.062500
1022874023.437500
1023083007.812500
1023291992.187500
1023500976.562500
1023709960.937500
1023918945.312500
1024127929.687500
1024336914.062500
1024545898.437500
1024754882.812500
1024963867.187500
1025172851.562500
1025381835.937500
1025590820.312500
1025799804.687500
1026008789.062500
1026217773.437500
1026426757.812500
1026635742.187500
1026844726.562500
1027053710.937500
1027262695.312500
1027471679.687500
1027680664.062500
1027889648.437500
1028098632.812500
1028307617.187500
1028516601.562500
1028725585.937500
1028934570.312500
1029143554.687500
1029352539.062500
1029561523.437500
1029770507.812500
1029979492.187500
1030188476.562500
1030397460.937500
1030606445.312500
1030815429.687500
1031024414.062500
1031233398.437500
1031442382.812500
1031651367.187500
1031860351.562500
1032069335.937500
1032278320.312500
1032487304.687500
1032696289.062500
1032905273.437500
1033114257.812500
1033323242.187500
1033532226.562500
1033741210.937500
1033950195.312500
1034159179.687500
1034368164.062500
1034577148.437500
1034786132.812500
1034995117.187500
1035204101.562500
1035413085.937500
1035622070.312500
1035831054.687500
1036040039.062500
1036249023.437500
1036458007.812500
1036666992.187500
1036875976.562500
1037084960.937500
1037293945.312500
1037502929.687500
1037711914.062500
1037920898.437500
1038129882.812500
1038338867.187500
1038547851.562500
1038756835.937500
1038965820.312500
1039174804.687500
1039383789.062500
1039592773.437500
1039801757.812500
1040010742.187500
1040219726.562500
1040428710.937500
1040637695.312500
1040846679.687500
1041055664.062500
1041264648.437500
1041473632.812500
1041682617.187500
1041891601.562500
1042100585.937500
1042309570.312500
1042518554.687500
1042727539.062500
1042936523.437500
1043145507.812500
1043354492.187500
1043563476.562500
1043772460.937500
1043981445.312500
1044190429.687500
1044399414.062500
1044608398.437500
1044817382.812500
1045026367.187500
1045235351.562500
1045444335.937500
1045653320.312500
1045862304.687500
1046071289.062500
1046280273.437500
1046489257.812500
1046698242.187500
1046907226.562500
1047116210.937500
1047325195.312500
1047534179.687500
1047743164.062500
1047952148.437500
1048161132.812500
1048370117.187500
1048579101.562500
1048788085.937500
1048997070.312500
1049206054.687500
1049415039.062500
1049624023.437500
1049833007.812500
1050041992.187500
1050250976.562500
1050459960.937500
1050668945.312500
1050877929.687500
1051086914.062500
1051295898.437500
1051504882.812500
1051713867.187500
1051922851.562500
1052131835.937500
1052340820.312500
1052549804.687500
1052758789.062500
1052967773.437500
1053176757.812500
1053385742.187500
1053594726.562500
1053803710.937500
1054012695.312500
1054221679.687500
1054430664.062500
1054639648.437500
1054848632.812500
1055057617.187500
1055266601.562500
1055475585.937500
1055684570.312500
1055893554.687500
1056102539.062500
1056311523.437500
1056520507.812500
1056729492.187500
1056938476.562500
1057147460.937500
1057356445.312500
1057565429.687500
1057774414.062500
1057983398.437500
1058192382.812500
1058401367.187500
1058610351.562500
1058819335.937500
1059028320.312500
1059237304.687500
1059446289.062500
1059655273.437500
1059864257.812500
1060073242.187500
1060282226.562500
1060491210.937500
1060700195.312500
1060909179.687500
1061118164.062500
1061327148.437500
1061536132.812500
1061745117.187500
1061954101.562500
1062163085.937500
1062372070.312500
1062581054.687500
1062790039.062500
1062999023.437500
1063208007.812500
1063416992.187500
1063625976.562500
1063834960.937500
1064043945.312500
1064252929.687500
1064461914.062500
1064670898.437500
1064879882.812500
1065088867.187500
1065297851.562500
1065506835.937500
1065715820.312500
1065924804.687500
1066133789.062500
1066342773.437500
1066551757.812500
1066760742.187500
1066969726.562500
1067178710.937500
1067387695.312500
1067596679.687500
1067805664.062500
1068014648.437500
1068223632.812500
1068432617.187500
1068641601.562500
1068850585.937500
1069059570.312500
1069268554.687500
1069477539.062500
1069686523.437500
1069895507.812500
1070104492.187500
1070313476.562500
1070522460.937500
1070731445.312500
1070940429.687500
1071149414.062500
1071358398.437500
1071567382.812500
1071776367.187500
1071985351.562500
1072194335.937500
1072403320.312500
1072612304.687500
1072821289.062500
1073030273.437500
1073239257.812500
1073448242.187500
1073657226.562500
1073866210.937500
1074075195.312500
1074284179.687500
1074493164.062500
1074702148.437500
1074911132.812500
1075120117.187500
1075329101.562500
1075538085.937500
1075747070.312500
1075956054.687500
1076165039.062500
1076374023.437500
1076583007.812500
1076791992.187500
1077000976.562500
1077209960.937500
1077418945.312500
1077627929.687500
1077836914.062500
1078045898.437500
1078254882.812500
1078463867.187500
1078672851.562500
1078881835.937500
1079090820.312500
1079299804.687500
1079508789.062500
1079717773.437500
1079926757.812500
1080135742.187500
1080344726.562500
1080553710.937500
1080762695.312500
1080971679.687500
1081180664.062500
1081389648.437500
1081598632.812500
1081807617.187500
1082016601.562500
1082225585.937500
1082434570.312500
1082643554.687500
1082852539.062500
1083061523.437500
1083270507.812500
1083479492.187500
1083688476.562500
1083897460.937500
1084106445.312500
1084315429.687500
1084524414.062500
1084733398.437500
1084942382.812500
1085151367.187500
1085360351.562500
1085569335.937500
1085778320.312500
1085987304.687500
1086196289.062500
1086405273.437500
1086614257.812500
1086823242.187500
1087032226.562500
1087241210.937500
1087450195.312500
1087659179.687500
1087868164.062500
1088077148.437500
1088286132.812500
1088495117.187500
1088704101.562500
1088913085.937500
1089122070.312500
1089331054.687500
1089540039.062500
1089749023.437500
1089958007.812500
1090166992.187500
1090375976.562500
1090584960.937500
1090793945.312500
1091002929.687500
1091211914.062500
1091420898.437500
1091629882.812500
1091838867.187500
1092047851.562500
1092256835.937500
1092465820.312500
1092674804.687500
1092883789.062500
1093092773.437500
1093301757.812500
1093510742.187500
1093719726.562500
1093928710.937500
1094137695.312500
1094346679.687500
1094555664.062500
1094764648.437500
1094973632.812500
1095182617.187500
1095391601.562500
1095600585.937500
1095809570.312500
1096018554.687500
1096227539.062500
1096436523.437500
1096645507.812500
1096854492.187500
1097063476.562500
1097272460.937500
1097481445.312500
1097690429.687500
1097899414.062500
1098108398.437500
1098317382.812500
1098526367.187500
1098735351.562500
1098944335.937500
1099153320.312500
1099362304.687500
1099571289.062500
1099780273.437500
1099989257.812500
1100198242.187500
1100407226.562500
1100616210.937500
1100825195.312500
1101034179.687500
1101243164.062500
1101452148.437500
1101661132.812500
1101870117.187500
1102079101.562500
1102288085.937500
1102497070.312500
1102706054.687500
1102915039.062500
1103124023.437500
1103333007.812500
1103541992.187500
1103750976.562500
1103959960.937500
1104168945.312500
1104377929.687500
1104586914.062500
1104795898.437500
1105004882.812500
1105213867.187500
1105422851.562500
1105631835.937500
1105840820.312500
1106049804.687500
1106258789.062500
1106467773.437500
1106676757.812500
1106885742.187500
1107094726.562500
1107303710.937500
1107512695.312500
1107721679.687500
1107930664.062500
1108139648.437500
1108348632.812500
1108557617.187500
1108766601.562500
1108975585.937500
1109184570.312500
1109393554.687500
1109602539.062500
1109811523.437500
1110020507.812500
1110229492.187500
1110438476.562500
1110647460.937500
1110856445.312500
1111065429.687500
1111274414.062500
1111483398.437500
1111692382.812500
1111901367.187500
1112110351.562500
1112319335.937500
1112528320.312500
1112737304.687500
1112946289.062500
1113155273.437500
1113364257.812500
1113573242.187500
1113782226.562500
1113991210.937500
1114200195.312500
1114409179.687500
1114618164.062500
1114827148.437500
1115036132.812500
1115245117.187500
1115454101.562500
1115663085.937500
1115872070.312500
1116081054.687500
1116290039.062500
1116499023.437500
1116708007.812500
1116916992.187500
1117125976.562500
1117334960.937500
1117543945.312500
1117752929.687500
1117961914.062500
1118170898.437500
1118379882.812500
1118588867.187500
1118797851.562500
1119006835.937500
1119215820.312500
1119424804.687500
1119633789.062500
1119842773.437500
1120051757.812500
1120260742.187500
1120469726.562500
1120678710.937500
1120887695.312500
1121096679.687500
1121305664.062500
1121514648.437500
1121723632.812500
1121932617.187500
1122141601.562500
1122350585.937500
1122559570.312500
1122768554.687500
1122977539.062500
1123186523.437500
1123395507.812500
1123604492.187500
1123813476.562500
1124022460.937500
1124231445.312500
1124440429.687500
1124649414.062500
1124858398.437500
1125067382.812500
1125276367.187500
1125485351.562500
1125694335.937500
1125903320.312500
1126112304.687500
1126321289.062500
1126530273.437500
1126739257.812500
1126948242.187500
1127157226.562500
1127366210.937500
1127575195.312500
1127784179.687500
1127993164.062500
1128202148.437500
1128411132.812500
1128620117.187500
1128829101.562500
1129038085.937500
1129247070.312500
1129456054.687500
1129665039.062500
1129874023.437500
1130083007.812500
1130291992.187500
1130500976.562500
1130709960.937500
1130918945.312500
1131127929.687500
1131336914.062500
1131545898.437500
1131754882.812500
1131963867.187500
1132172851.562500
1132381835.937500
1132590820.312500
1132799804.687500
1133008789.062500
1133217773.437500
1133426757.812500
1133635742.187500
1133844726.562500
1134053710.937500
1134262695.312500
1134471679.687500
1134680664.062500
1134889648.437500
1135098632.812500
1135307617.187500
1135516601.562500
1135725585.937500
1135934570.312500
1136143554.687500
1136352539.062500
1136561523.437500
1136770507.812500
1136979492.187500
1137188476.562500
1137397460.937500
1137606445.312500
1137815429.687500
1138024414.062500
1138233398.437500
1138442382.812500
1138651367.187500
1138860351.562500
1139069335.937500
1139278320.312500
1139487304.687500
1139696289.062500
1139905273.437500
1140114257.812500
1140323242.187500
1140532226.562500
1140741210.937500
1140950195.312500
1141159179.687500
1141368164.062500
1141577148.437500
1141786132.812500
1141995117.187500
1142204101.562500
1142413085.937500
1142622070.312500
1142831054.687500
1143040039.062500
1143249023.437500
1143458007.812500
1143666992.187500
1143875976.562500
1144084960.937500
1144293945.312500
1144502929.687500
1144711914.062500
1144920898.437500
1145129882.812500
1145338867.187500
1145547851.562500
1145756835.937500
1145965820.312500
1146174804.687500
1146383789.062500
1146592773.437500
1146801757.812500
1147010742.187500
1147219726.562500
1147428710.937500
1147637695.312500
1147846679.687500
1148055664.062500
1148264648.437500
1148473632.812500
1148682617.187500
1148891601.562500
1149100585.937500
1149309570.312500
1149518554.687500
1149727539.062500
1149936523.437500
1150145507.812500
1150354492.187500
1150563476.562500
1150772460.937500
1150981445.312500
1151190429.687500
1151399414.062500
1151608398.437500
1151817382.812500
1152026367.187500
1152235351.562500
1152444335.937500
1152653320.312500
1152862304.687500
1153071289.062500
1153280273.437500
1153489257.812500
1153698242.187500
1153907226.562500
1154116210.937500
1154325195.312500
1154534179.687500
1154743164.062500
1154952148.437500
1155161132.812500
1155370117.187500
1155579101.562500
1155788085.937500
1155997070.312500
1156206054.687500
1156415039.062500
1156624023.437500
1156833007.812500
1157041992.187500
1157250976.562500
1157459960.937500
1157668945.312500
1157877929.687500
1158086914.062500
1158295898.437500
1158504882.812500
1158713867.187500
1158922851.562500
1159131835.937500
1159340820.312500
1159549804.687500
1159758789.062500
1159967773.437500
1160176757.812500
1160385742.187500
1160594726.562500
1160803710.937500
1161012695.312500
1161221679.687500
1161430664.062500
1161639648.437500
1161848632.812500
1162057617.187500
1162266601.562500
1162475585.937500
1162684570.312500
1162893554.687500
1163102539.062500
1163311523.437500
1163520507.812500
1163729492.187500
1163938476.562500
1164147460.937500
1164356445.312500
1164565429.687500
1164774414.062500
1164983398.437500
1165192382.812500
1165401367.187500
1165610351.562500
1165819335.937500
1166028320.312500
1166237304.687500
1166446289.062500
1166655273.437500
1166864257.812500
1167073242.187500
1167282226.562500
1167491210.937500
1167700195.312500
1167909179.687500
1168118164.062500
1168327148.437500
1168536132.812500
1168745117.187500
1168954101.562500
1169163085.937500
1169372070.312500
1169581054.687500
1169790039.062500
1169999023.437500
1170208007.812500
1170416992.187500
1170625976.562500
1170834960.937500
1171043945.312500
1171252929.687500
1171461914.062500
1171670898.437500
1171879882.812500
1172088867.187500
1172297851.562500
1172506835.937500
1172715820.312500
1172924804.687500
1173133789.062500
1173342773.437500
1173551757.812500
1173760742.187500
1173969726.562500
1174178710.937500
1174387695.312500
1174596679.687500
1174805664.062500
1175014648.437500
1175223632.812500
1175432617.187500
1175641601.562500
1175850585.937500
1176059570.312500
1176268554.687500
1176477539.062500
1176686523.437500
1176895507.812500
1177104492.187500
1177313476.562500
1177522460.937500
1177731445.312500
1177940429.687500
1178149414.062500
1178358398.437500
1178567382.812500
1178776367.187500
1178985351.562500
1179194335.937500
1179403320.312500
1179612304.687500
1179821289.062500
1180030273.437500
1180239257.812500
1180448242.187500
1180657226.562500
1180866210.937500
1181075195.312500
1181284179.687500
1181493164.062500
1181702148.437500
1181911132.812500
1182120117.187500
1182329101.562500
1182538085.937500
1182747070.312500
1182956054.687500
1183165039.062500
1183374023.437500
1183583007.812500
1183791992.187500
1184000976.562500
1184209960.937500
1184418945.312500
1184627929.687500
1184836914.062500
1185045898.437500
1185254882.812500
1185463867.187500
1185672851.562500
1185881835.937500
1186090820.312500
1186299804.687500
1186508789.062500
1186717773.437500
1186926757.812500
1187135742.187500
1187344726.562500
1187553710.937500
1187762695.312500
1187971679.687500
1188180664.062500
1188389648.437500
1188598632.812500
1188807617.187500
1189016601.562500
1189225585.937500
1189434570.312500
1189643554.687500
1189852539.062500
1190061523.437500
1190270507.812500
1190479492.187500
1190688476.562500
1190897460.937500
1191106445.312500
1191315429.687500
1191524414.062500
1191733398.437500
1191942382.812500
1192151367.187500
1192360351.562500
1192569335.937500
1192778320.312500
1192987304.687500
1193196289.062500
1193405273.437500
1193614257.812500
1193823242.187500
1194032226.562500
1194241210.937500
1194450195.312500
1194659179.687500
1194868164.062500
1195077148.437500
1195286132.812500
1195495117.187500
1195704101.562500
1195913085.937500
1196122070.312500
1196331054.687500
1196540039.062500
1196749023.437500
1196958007.812500
1197166992.187500
1197375976.562500
1197584960.937500
1197793945.312500
1198002929.687500
1198211914.062500
1198420898.437500
1198629882.812500
1198838867.187500
1199047851.562500
1199256835.937500
1199465820.312500
1199674804.687500
1199883789.062500
1200092773.437500
1200301757.812500
1200510742.187500
1200719726.562500
1200928710.937500
1201137695.312500
1201346679.687500
1201555664.062500
1201764648.437500
1201973632.812500
1202182617.187500
1202391601.562500
1202600585.937500
1202809570.312500
1203018554.687500
1203227539.062500
1203436523.437500
1203645507.812500
1203854492.187500
1204063476.562500
1204272460.937500
1204481445.312500
1204690429.687500
1204899414.062500
1205108398.437500
1205317382.812500
1205526367.187500
1205735351.562500
1205944335.937500
1206153320.312500
1206362304.687500
1206571289.062500
1206780273.437500
1206989257.812500
1207198242.187500
1207407226.562500
1207616210.937500
1207825195.312500
1208034179.687500
1208243164.062500
1208452148.437500
1208661132.812500
1208870117.187500
1209079101.562500
1209288085.937500
1209497070.312500
1209706054.687500
1209915039.062500
1210124023.437500
1210333007.812500
1210541992.187500
1210750976.562500
1210959960.937500
1211168945.312500
1211377929.687500
1211586914.062500
1211795898.437500
1212004882.812500
1212213867.187500
1212422851.562500
1212631835.937500
1212840820.312500
1213049804.687500
1213258789.062500
1213467773.437500
1213676757.812500
1213885742.187500
1214094726.562500
1214303710.937500
1214512695.312500
1214721679.687500
1214930664.062500
1215139648.437500
1215348632.812500
1215557617.187500
1215766601.562500
1215975585.937500
1216184570.312500
1216393554.687500
1216602539.062500
1216811523.437500
1217020507.812500
1217229492.187500
1217438476.562500
1217647460.937500
1217856445.312500
1218065429.687500
1218274414.062500
1218483398.437500
1218692382.812500
1218901367.187500
1219110351.562500
1219319335.937500
1219528320.312500
1219737304.687500
1219946289.062500
1220155273.437500
1220364257.812500
1220573242.187500
1220782226.562500
1220991210.937500
1221200195.312500
1221409179.687500
1221618164.062500
1221827148.437500
1222036132.812500
1222245117.187500
1222454101.562500
1222663085.937500
1222872070.312500
1223081054.687500
1223290039.062500
1223499023.437500
1223708007.812500
1223916992.187500
1224125976.562500
1224334960.937500
1224543945.312500
1224752929.687500
1224961914.062500
1225170898.437500
1225379882.812500
1225588867.187500
1225797851.562500
1226006835.937500
1226215820.312500
1226424804.687500
1226633789.062500
1226842773.437500
1227051757.812500
1227260742.187500
1227469726.562500
1227678710.937500
1227887695.312500
1228096679.687500
1228305664.062500
1228514648.437500
1228723632.812500
1228932617.187500
1229141601.562500
1229350585.937500
1229559570.312500
1229768554.687500
1229977539.062500
1230186523.437500
1230395507.812500
1230604492.187500
1230813476.562500
1231022460.937500
1231231445.312500
1231440429.687500
1231649414.062500
1231858398.437500
1232067382.812500
1232276367.187500
1232485351.562500
1232694335.937500
1232903320.312500
1233112304.687500
1233321289.062500
1233530273.437500
1233739257.812500
1233948242.187500
1234157226.562500
1234366210.937500
1234575195.312500
1234784179.687500
1234993164.062500
1235202148.437500
1235411132.812500
1235620117.187500
1235829101.562500
1236038085.937500
1236247070.312500
1236456054.687500
1236665039.062500
1236874023.437500
1237083007.812500
1237291992.187500
1237500976.562500
1237709960.937500
1237918945.312500
1238127929.687500
1238336914.062500
1238545898.437500
1238754882.812500
1238963867.187500
1239172851.562500
1239381835.937500
1239590820.312500
1239799804.687500
1240008789.062500
1240217773.437500
1240426757.812500
1240635742.187500
1240844726.562500
1241053710.937500
1241262695.312500
1241471679.687500
1241680664.062500
1241889648.437500
1242098632.812500
1242307617.187500
1242516601.562500
1242725585.937500
1242934570.312500
1243143554.687500
1243352539.062500
1243561523.437500
1243770507.812500
1243979492.187500
1244188476.562500
1244397460.937500
1244606445.312500
1244815429.687500
1245024414.062500
1245233398.437500
1245442382.812500
1245651367.187500
1245860351.562500
1246069335.937500
1246278320.312500
1246487304.687500
1246696289.062500
1246905273.437500
1247114257.812500
1247323242.187500
1247532226.562500
1247741210.937500
1247950195.312500
1248159179.687500
1248368164.062500
1248577148.437500
1248786132.812500
1248995117.187500
1249204101.562500
1249413085.937500
1249622070.312500
1249831054.687500
1250040039.062500
1250249023.437500
1250458007.812500
1250666992.187500
1250875976.562500
1251084960.937500
1251293945.312500
1251502929.687500
1251711914.062500
1251920898.437500
1252129882.812500
1252338867.187500
1252547851.562500
1252756835.937500
1252965820.312500
1253174804.687500
1253383789.062500
1253592773.437500
1253801757.812500
1254010742.187500
1254219726.562500
1254428710.937500
1254637695.312500
1254846679.687500
1255055664.062500
1255264648.437500
1255473632.812500
1255682617.187500
1255891601.562500
1256100585.937500
1256309570.312500
1256518554.687500
1256727539.062500
1256936523.437500
1257145507.812500
1257354492.187500
1257563476.562500
1257772460.937500
1257981445.312500
1258190429.687500
1258399414.062500
1258608398.437500
1258817382.812500
1259026367.187500
1259235351.562500
1259444335.937500
1259653320.312500
1259862304.687500
1260071289.062500
1260280273.437500
1260489257.812500
1260698242.187500
1260907226.562500
1261116210.937500
1261325195.312500
1261534179.687500
1261743164.062500
1261952148.437500
1262161132.812500
1262370117.187500
1262579101.562500
1262788085.937500
1262997070.312500
1263206054.687500
1263415039.062500
1263624023.437500
1263833007.812500
1264041992.187500
1264250976.562500
1264459960.937500
1264668945.312500
1264877929.687500
1265086914.062500
1265295898.437500
1265504882.812500
1265713867.187500
1265922851.562500
1266131835.937500
1266340820.312500
1266549804.687500
1266758789.062500
1266967773.437500
1267176757.812500
1267385742.187500
1267594726.562500
1267803710.937500
1268012695.312500
1268221679.687500
1268430664.062500
1268639648.437500
1268848632.812500
1269057617.187500
1269266601.562500
1269475585.937500
1269684570.312500
1269893554.687500
1270102539.062500
1270311523.437500
1270520507.812500
1270729492.187500
1270938476.562500
1271147460.937500
1271356445.312500
1271565429.687500
1271774414.062500
1271983398.437500
1272192382.812500
1272401367.187500
1272610351.562500
1272819335.937500
1273028320.312500
1273237304.687500
1273446289.062500
1273655273.437500
1273864257.812500
1274073242.187500
1274282226.562500
1274491210.937500
1274700195.312500
1274909179.687500
1275118164.062500
1275327148.437500
1275536132.812500
1275745117.187500
1275954101.562500
1276163085.937500
1276372070.312500
1276581054.687500
1276790039.062500
1276999023.437500
1277208007.812500
1277416992.187500
1277625976.562500
1277834960.937500
1278043945.312500
1278252929.687500
1278461914.062500
1278670898.437500
1278879882.812500
1279088867.187500
1279297851.562500
1279506835.937500
1279715820.312500
1279924804.687500
1280133789.062500
1280342773.437500
1280551757.812500
1280760742.187500
1280969726.562500
1281178710.937500
1281387695.312500
1281596679.687500
1281805664.062500
1282014648.437500
1282223632.812500
1282432617.187500
1282641601.562500
1282850585.937500
1283059570.312500
1283268554.687500
1283477539.062500
1283686523.437500
1283895507.812500
1284104492.187500
1284313476.562500
1284522460.937500
1284731445.312500
1284940429.687500
1285149414.062500
1285358398.437500
1285567382.812500
1285776367.187500
1285985351.562500
1286194335.937500
1286403320.312500
1286612304.687500
1286821289.062500
1287030273.437500
1287239257.812500
1287448242.187500
1287657226.562500
1287866210.937500
1288075195.312500
1288284179.687500
1288493164.062500
1288702148.437500
1288911132.812500
1289120117.187500
1289329101.562500
1289538085.937500
1289747070.312500
1289956054.687500
1290165039.062500
1290374023.437500
1290583007.812500
1290791992.187500
1291000976.562500
1291209960.937500
1291418945.312500
1291627929.687500
1291836914.062500
1292045898.437500
1292254882.812500
1292463867.187500
1292672851.562500
1292881835.937500
1293090820.312500
1293299804.687500
1293508789.062500
1293717773.437500
1293926757.812500
1294135742.187500
1294344726.562500
1294553710.937500
1294762695.312500
1294971679.687500
1295180664.062500
1295389648.437500
1295598632.812500
1295807617.187500
1296016601.562500
1296225585.937500
1296434570.312500
1296643554.687500
1296852539.062500
1297061523.437500
1297270507.812500
1297479492.187500
1297688476.562500
1297897460.937500
1298106445.312500
1298315429.687500
1298524414.062500
1298733398.437500
1298942382.812500
1299151367.187500
1299360351.562500
1299569335.937500
1299778320.312500
1299987304.687500
1300196289.062500
1300405273.437500
1300614257.812500
1300823242.187500
1301032226.562500
1301241210.937500
1301450195.312500
1301659179.687500
1301868164.062500
1302077148.437500
1302286132.812500
1302495117.187500
1302704101.562500
1302913085.937500
1303122070.312500
1303331054.687500
1303540039.062500
1303749023.437500
1303958007.812500
1304166992.187500
1304375976.562500
1304584960.937500
1304793945.312500
1305002929.687500
1305211914.062500
1305420898.437500
1305629882.812500
1305838867.187500
1306047851.562500
1306256835.937500
1306465820.312500
1306674804.687500
1306883789.062500
1307092773.437500
1307301757.812500
1307510742.187500
1307719726.562500
1307928710.937500
1308137695.312500
1308346679.687500
1308555664.062500
1308764648.437500
1308973632.812500
1309182617.187500
1309391601.562500
1309600585.937500
1309809570.312500
1310018554.687500
1310227539.062500
1310436523.437500
1310645507.812500
1310854492.187500
1311063476.562500
1311272460.937500
1311481445.312500
1311690429.687500
1311899414.062500
1312108398.437500
1312317382.812500
1312526367.187500
1312735351.562500
1312944335.937500
1313153320.312500
1313362304.687500
1313571289.062500
1313780273.437500
1313989257.812500
1314198242.187500
1314407226.562500
1314616210.937500
1314825195.312500
1315034179.687500
1315243164.062500
1315452148.437500
1315661132.812500
1315870117.187500
1316079101.562500
1316288085.937500
1316497070.312500
1316706054.687500
1316915039.062500
1317124023.437500
1317333007.812500
1317541992.187500
1317750976.562500
1317959960.937500
1318168945.312500
1318377929.687500
1318586914.062500
1318795898.437500
1319004882.812500
1319213867.187500
1319422851.562500
1319631835.937500
1319840820.312500
1320049804.687500
1320258789.062500
1320467773.437500
1320676757.812500
1320885742.187500
1321094726.562500
1321303710.937500
1321512695.312500
1321721679.687500
1321930664.062500
1322139648.437500
1322348632.812500
1322557617.187500
1322766601.562500
1322975585.937500
1323184570.312500
1323393554.687500
1323602539.062500
1323811523.437500
1324020507.812500
1324229492.187500
1324438476.562500
1324647460.937500
1324856445.312500
1325065429.687500
1325274414.062500
1325483398.437500
1325692382.812500
1325901367.187500
1326110351.562500
1326319335.937500
1326528320.312500
1326737304.687500
1326946289.062500
1327155273.437500
1327364257.812500
1327573242.187500
1327782226.562500
1327991210.937500
1328200195.312500
1328409179.687500
1328618164.062500
1328827148.437500
1329036132.812500
1329245117.187500
1329454101.562500
1329663085.937500
1329872070.312500
1330081054.687500
1330290039.062500
1330499023.437500
1330708007.812500
1330916992.187500
1331125976.562500
1331334960.937500
1331543945.312500
1331752929.687500
1331961914.062500
1332170898.437500
1332379882.812500
1332588867.187500
1332797851.562500
1333006835.937500
1333215820.312500
1333424804.687500
1333633789.062500
1333842773.437500
1334051757.812500
1334260742.187500
1334469726.562500
1334678710.937500
1334887695.312500
1335096679.687500
1335305664.062500
1335514648.437500
1335723632.812500
1335932617.187500
1336141601.562500
1336350585.937500
1336559570.312500
1336768554.687500
1336977539.062500
1337186523.437500
1337395507.812500
1337604492.187500
1337813476.562500
1338022460.937500
1338231445.312500
1338440429.687500
1338649414.062500
1338858398.437500
1339067382.812500
1339276367.187500
1339485351.562500
1339694335.937500
1339903320.312500
1340112304.687500
1340321289.062500
1340530273.437500
1340739257.812500
1340948242.187500
1341157226.562500
1341366210.937500
1341575195.312500
1341784179.687500
1341993164.062500
1342202148.437500
1342411132.812500
1342620117.187500
1342829101.562500
1343038085.937500
1343247070.312500
1343456054.687500
1343665039.062500
1343874023.437500
1344083007.812500
1344291992.187500
1344500976.562500
1344709960.937500
1344918945.312500
1345127929.687500
1345336914.062500
1345545898.437500
1345754882.812500
1345963867.187500
1346172851.562500
1346381835.937500
1346590820.312500
1346799804.687500
1347008789.062500
1347217773.437500
1347426757.812500
1347635742.187500
1347844726.562500
1348053710.937500
1348262695.312500
1348471679.687500
1348680664.062500
1348889648.437500
1349098632.812500
1349307617.187500
1349516601.562500
1349725585.937500
1349934570.312500
1350143554.687500
1350352539.062500
1350561523.437500
1350770507.812500
1350979492.187500
1351188476.562500
1351397460.937500
1351606445.312500
1351815429.687500
1352024414.062500
1352233398.437500
1352442382.812500
1352651367.187500
1352860351.562500
1353069335.937500
1353278320.312500
1353487304.687500
1353696289.062500
1353905273.437500
1354114257.812500
1354323242.187500
1354532226.562500
1354741210.937500
1354950195.312500
1355159179.687500
1355368164.062500
1355577148.437500
1355786132.812500
1355995117.187500
1356204101.562500
1356413085.937500
1356622070.312500
1356831054.687500
1357040039.062500
1357249023.437500
1357458007.812500
1357666992.187500
1357875976.562500
1358084960.937500
1358293945.312500
1358502929.687500
1358711914.062500
1358920898.437500
1359129882.812500
1359338867.187500
1359547851.562500
1359756835.937500
1359965820.312500
1360174804.687500
1360383789.062500
1360592773.437500
1360801757.812500
1361010742.187500
1361219726.562500
1361428710.937500
1361637695.312500
1361846679.687500
1362055664.062500
1362264648.437500
1362473632.812500
1362682617.187500
1362891601.562500
1363100585.937500
1363309570.312500
1363518554.687500
1363727539.062500
1363936523.437500
1364145507.812500
1364354492.187500
1364563476.562500
1364772460.937500
1364981445.312500
1365190429.687500
1365399414.062500
1365608398.437500
1365817382.812500
1366026367.187500
1366235351.562500
1366444335.937500
1366653320.312500
1366862304.687500
1367071289.062500
1367280273.437500
1367489257.812500
1367698242.187500
1367907226.562500
1368116210.937500
1368325195.312500
1368534179.687500
1368743164.062500
1368952148.437500
1369161132.812500
1369370117.187500
1369579101.562500
1369788085.937500
1369997070.312500
1370206054.687500
1370415039.062500
1370624023.437500
1370833007.812500
1371041992.187500
1371250976.562500
1371459960.937500
1371668945.312500
1371877929.687500
1372086914.062500
1372295898.437500
1372504882.812500
1372713867.187500
1372922851.562500
1373131835.937500
1373340820.312500
1373549804.687500
1373758789.062500
1373967773.437500
1374176757.812500
1374385742.187500
1374594726.562500
1374803710.937500
1375012695.312500
1375221679.687500
1375430664.062500
1375639648.437500
1375848632.812500
1376057617.187500
1376266601.562500
1376475585.937500
1376684570.312500
1376893554.687500
1377102539.062500
1377311523.437500
1377520507.812500
1377729492.187500
1377938476.562500
1378147460.937500
1378356445.312500
1378565429.687500
1378774414.062500
1378983398.437500
1379192382.812500
1379401367.187500
1379610351.562500
1379819335.937500
1380028320.312500
1380237304.687500
1380446289.062500
1380655273.437500
1380864257.812500
1381073242.187500
1381282226.562500
1381491210.937500
1381700195.312500
1381909179.687500
1382118164.062500
1382327148.437500
1382536132.812500
1382745117.187500
1382954101.562500
1383163085.937500
1383372070.312500
1383581054.687500
1383790039.062500
1383999023.437500
1384208007.812500
1384416992.187500
1384625976.562500
1384834960.937500
1385043945.312500
1385252929.687500
1385461914.062500
1385670898.437500
1385879882.812500
1386088867.187500
1386297851.562500
1386506835.937500
1386715820.312500
1386924804.687500
1387133789.062500
1387342773.437500
1387551757.812500
1387760742.187500
1387969726.562500
1388178710.937500
1388387695.312500
1388596679.687500
1388805664.062500
1389014648.437500
1389223632.812500
1389432617.187500
1389641601.562500
1389850585.937500
1390059570.312500
1390268554.687500
1390477539.062500
1390686523.437500
1390895507.812500
1391104492.187500
1391313476.562500
1391522460.937500
1391731445.312500
1391940429.687500
1392149414.062500
1392358398.437500
1392567382.812500
1392776367.187500
1392985351.562500
1393194335.937500
1393403320.312500
1393612304.687500
1393821289.062500
1394030273.437500
1394239257.812500
1394448242.187500
1394657226.562500
1394866210.937500
1395075195.312500
1395284179.687500
1395493164.062500
1395702148.437500
1395911132.812500
1396120117.187500
1396329101.562500
1396538085.937500
1396747070.312500
1396956054.687500
1397165039.062500
1397374023.437500
1397583007.812500
1397791992.187500
1398000976.562500
1398209960.937500
1398418945.312500
1398627929.687500
1398836914.062500
1399045898.437500
1399254882.812500
1399463867.187500
1399672851.562500
1399881835.937500
1400090820.312500
1400299804.687500
1400508789.062500
1400717773.437500
1400926757.812500
1401135742.187500
1401344726.562500
1401553710.937500
1401762695.312500
1401971679.687500
1402180664.062500
1402389648.437500
1402598632.812500
1402807617.187500
1403016601.562500
1403225585.937500
1403434570.312500
1403643554.687500
1403852539.062500
1404061523.437500
1404270507.812500
1404479492.187500
1404688476.562500
1404897460.937500
1405106445.312500
1405315429.687500
1405524414.062500
1405733398.437500
1405942382.812500
1406151367.187500
1406360351.562500
1406569335.937500
1406778320.312500
1406987304.687500
1407196289.062500
1407405273.437500
1407614257.812500
1407823242.187500
1408032226.562500
1408241210.937500
1408450195.312500
1408659179.687500
1408868164.062500
1409077148.437500
1409286132.812500
1409495117.187500
1409704101.562500
1409913085.937500
1410122070.312500
1410331054.687500
1410540039.062500
1410749023.437500
1410958007.812500
1411166992.187500
1411375976.562500
1411584960.937500
1411793945.312500
1412002929.687500
1412211914.062500
1412420898.437500
1412629882.812500
1412838867.187500
1413047851.562500
1413256835.937500
1413465820.312500
1413674804.687500
1413883789.062500
1414092773.437500
1414301757.812500
1414510742.187500
1414719726.562500
1414928710.937500
1415137695.312500
1415346679.687500
1415555664.062500
1415764648.437500
1415973632.812500
1416182617.187500
1416391601.562500
1416600585.937500
1416809570.312500
1417018554.687500
1417227539.062500
1417436523.437500
1417645507.812500
1417854492.187500
1418063476.562500
1418272460.937500
1418481445.312500
1418690429.687500
1418899414.062500
1419108398.437500
1419317382.812500
1419526367.187500
1419735351.562500
1419944335.937500
1420153320.312500
1420362304.687500
1420571289.062500
1420780273.437500
1420989257.812500
1421198242.187500
1421407226.562500
1421616210.937500
1421825195.312500
1422034179.687500
1422243164.062500
1422452148.437500
1422661132.812500
1422870117.187500
1423079101.562500
1423288085.937500
1423497070.312500
1423706054.687500
1423915039.062500
1424124023.437500
1424333007.812500
1424541992.187500
1424750976.562500
1424959960.937500
1425168945.312500
1425377929.687500
1425586914.062500
1425795898.437500
1426004882.812500
1426213867.187500
1426422851.562500
1426631835.937500
1426840820.312500
1427049804.687500
1427258789.062500
1427467773.437500
1427676757.812500
1427885742.187500
1428094726.562500
1428303710.937500
1428512695.312500
1428721679.687500
1428930664.062500
1429139648.437500
1429348632.812500
1429557617.187500
1429766601.562500
1429975585.937500
1430184570.312500
1430393554.687500
1430602539.062500
1430811523.437500
1431020507.812500
1431229492.187500
1431438476.562500
1431647460.937500
1431856445.312500
1432065429.687500
1432274414.062500
1432483398.437500
1432692382.812500
1432901367.187500
1433110351.562500
1433319335.937500
1433528320.312500
1433737304.687500
1433946289.062500
1434155273.437500
1434364257.812500
1434573242.187500
1434782226.562500
1434991210.937500
1435200195.312500
1435409179.687500
1435618164.062500
1435827148.437500
1436036132.812500
1436245117.187500
1436454101.562500
1436663085.937500
1436872070.312500
1437081054.687500
1437290039.062500
1437499023.437500
1437708007.812500
1437916992.187500
1438125976.562500
1438334960.937500
1438543945.312500
1438752929.687500
1438961914.062500
1439170898.437500
1439379882.812500
1439588867.187500
1439797851.562500
1440006835.937500
1440215820.312500
1440424804.687500
1440633789.062500
1440842773.437500
1441051757.812500
1441260742.187500
1441469726.562500
1441678710.937500
1441887695.312500
1442096679.687500
1442305664.062500
1442514648.437500
1442723632.812500
1442932617.187500
1443141601.562500
1443350585.937500
1443559570.312500
1443768554.687500
1443977539.062500
1444186523.437500
1444395507.812500
1444604492.187500
1444813476.562500
1445022460.937500
1445231445.312500
1445440429.687500
1445649414.062500
1445858398.437500
1446067382.812500
1446276367.187500
1446485351.562500
1446694335.937500
1446903320.312500
1447112304.687500
1447321289.062500
1447530273.437500
1447739257.812500
1447948242.187500
1448157226.562500
1448366210.937500
1448575195.312500
1448784179.687500
1448993164.062500
1449202148.437500
1449411132.812500
1449620117.187500
1449829101.562500
1450038085.937500
1450247070.312500
1450456054.687500
1450665039.062500
1450874023.437500
1451083007.812500
1451291992.187500
1451500976.562500
1451709960.937500
1451918945.312500
1452127929.687500
1452336914.062500
1452545898.437500
1452754882.812500
1452963867.187500
1453172851.562500
1453381835.937500
1453590820.312500
1453799804.687500
1454008789.062500
1454217773.437500
1454426757.812500
1454635742.187500
1454844726.562500
1455053710.937500
1455262695.312500
1455471679.687500
1455680664.062500
1455889648.437500
1456098632.812500
1456307617.187500
1456516601.562500
1456725585.937500
1456934570.312500
1457143554.687500
1457352539.062500
1457561523.437500
1457770507.812500
1457979492.187500
1458188476.562500
1458397460.937500
1458606445.312500
1458815429.687500
1459024414.062500
1459233398.437500
1459442382.812500
1459651367.187500
1459860351.562500
1460069335.937500
1460278320.312500
1460487304.687500
1460696289.062500
1460905273.437500
1461114257.812500
1461323242.187500
1461532226.562500
1461741210.937500
1461950195.312500
1462159179.687500
1462368164.062500
1462577148.437500
1462786132.812500
1462995117.187500
1463204101.562500
1463413085.937500
1463622070.312500
1463831054.687500
1464040039.062500
1464249023.437500
1464458007.812500
1464666992.187500
1464875976.562500
1465084960.937500
1465293945.312500
1465502929.687500
1465711914.062500
1465920898.437500
1466129882.812500
1466338867.187500
1466547851.562500
1466756835.937500
1466965820.312500
1467174804.687500
1467383789.062500
1467592773.437500
1467801757.812500
1468010742.187500
1468219726.562500
1468428710.937500
1468637695.312500
1468846679.687500
1469055664.062500
1469264648.437500
1469473632.812500
1469682617.187500
1469891601.562500
1470100585.937500
1470309570.312500
1470518554.687500
1470727539.062500
1470936523.437500
1471145507.812500
1471354492.187500
1471563476.562500
1471772460.937500
1471981445.312500
1472190429.687500
1472399414.062500
1472608398.437500
1472817382.812500
1473026367.187500
1473235351.562500
1473444335.937500
1473653320.312500
1473862304.687500
1474071289.062500
1474280273.437500
1474489257.812500
1474698242.187500
1474907226.562500
1475116210.937500
1475325195.312500
1475534179.687500
1475743164.062500
1475952148.437500
1476161132.812500
1476370117.187500
1476579101.562500
1476788085.937500
1476997070.312500
1477206054.687500
1477415039.062500
1477624023.437500
1477833007.812500
1478041992.187500
1478250976.562500
1478459960.937500
1478668945.312500
1478877929.687500
1479086914.062500
1479295898.437500
1479504882.812500
1479713867.187500
1479922851.562500
1480131835.937500
1480340820.312500
1480549804.687500
1480758789.062500
1480967773.437500
1481176757.812500
1481385742.187500
1481594726.562500
1481803710.937500
1482012695.312500
1482221679.687500
1482430664.062500
1482639648.437500
1482848632.812500
1483057617.187500
1483266601.562500
1483475585.937500
1483684570.312500
1483893554.687500
1484102539.062500
1484311523.437500
1484520507.812500
1484729492.187500
1484938476.562500
1485147460.937500
1485356445.312500
1485565429.687500
1485774414.062500
1485983398.437500
1486192382.812500
1486401367.187500
1486610351.562500
1486819335.937500
1487028320.312500
1487237304.687500
1487446289.062500
1487655273.437500
1487864257.812500
1488073242.187500
1488282226.562500
1488491210.937500
1488700195.312500
1488909179.687500
1489118164.062500
1489327148.437500
1489536132.812500
1489745117.187500
1489954101.562500
1490163085.937500
1490372070.312500
1490581054.687500
1490790039.062500
1490999023.437500
1491208007.812500
1491416992.187500
1491625976.562500
1491834960.937500
1492043945.312500
1492252929.687500
1492461914.062500
1492670898.437500
1492879882.812500
1493088867.187500
1493297851.562500
1493506835.937500
1493715820.312500
1493924804.687500
1494133789.062500
1494342773.437500
1494551757.812500
1494760742.187500
1494969726.562500
1495178710.937500
1495387695.312500
1495596679.687500
1495805664.062500
1496014648.437500
1496223632.812500
1496432617.187500
1496641601.562500
1496850585.937500
1497059570.312500
1497268554.687500
1497477539.062500
1497686523.437500
1497895507.812500
1498104492.187500
1498313476.562500
1498522460.937500
1498731445.312500
1498940429.687500
1499149414.062500
1499358398.437500
1499567382.812500
1499776367.187500
1499985351.562500
1500194335.937500
1500403320.312500
1500612304.687500
1500821289.062500
1501030273.437500
1501239257.812500
1501448242.187500
1501657226.562500
1501866210.937500
1502075195.312500
1502284179.687500
1502493164.062500
1502702148.437500
1502911132.812500
1503120117.187500
1503329101.562500
1503538085.937500
1503747070.312500
1503956054.687500
1504165039.062500
1504374023.437500
1504583007.812500
1504791992.187500
1505000976.562500
1505209960.937500
1505418945.312500
1505627929.687500
1505836914.062500
1506045898.437500
1506254882.812500
1506463867.187500
1506672851.562500
1506881835.937500
1507090820.312500
1507299804.687500
1507508789.062500
1507717773.437500
1507926757.812500
1508135742.187500
1508344726.562500
1508553710.937500
1508762695.312500
1508971679.687500
1509180664.062500
1509389648.437500
1509598632.812500
1509807617.187500
1510016601.562500
1510225585.937500
1510434570.312500
1510643554.687500
1510852539.062500
1511061523.437500
1511270507.812500
1511479492.187500
1511688476.562500
1511897460.937500
1512106445.312500
1512315429.687500
1512524414.062500
1512733398.437500
1512942382.812500
1513151367.187500
1513360351.562500
1513569335.937500
1513778320.312500
1513987304.687500
1514196289.062500
1514405273.437500
1514614257.812500
1514823242.187500
1515032226.562500
1515241210.937500
1515450195.312500
1515659179.687500
1515868164.062500
1516077148.437500
1516286132.812500
1516495117.187500
1516704101.562500
1516913085.937500
1517122070.312500
1517331054.687500
1517540039.062500
1517749023.437500
1517958007.812500
1518166992.187500
1518375976.562500
1518584960.937500
1518793945.312500
1519002929.687500
1519211914.062500
1519420898.437500
1519629882.812500
1519838867.187500
1520047851.562500
1520256835.937500
1520465820.312500
1520674804.687500
1520883789.062500
1521092773.437500
1521301757.812500
1521510742.187500
1521719726.562500
1521928710.937500
1522137695.312500
1522346679.687500
1522555664.062500
1522764648.437500
1522973632.812500
1523182617.187500
1523391601.562500
1523600585.937500
1523809570.312500
1524018554.687500
1524227539.062500
1524436523.437500
1524645507.812500
1524854492.187500
1525063476.562500
1525272460.937500
1525481445.312500
1525690429.687500
1525899414.062500
1526108398.437500
1526317382.812500
1526526367.187500
1526735351.562500
1526944335.937500
1527153320.312500
1527362304.687500
1527571289.062500
1527780273.437500
1527989257.812500
1528198242.187500
1528407226.562500
1528616210.937500
1528825195.312500
1529034179.687500
1529243164.062500
1529452148.437500
1529661132.812500
1529870117.187500
1530079101.562500
1530288085.937500
1530497070.312500
1530706054.687500
1530915039.062500
1531124023.437500
1531333007.812500
1531541992.187500
1531750976.562500
1531959960.937500
1532168945.312500
1532377929.687500
1532586914.062500
1532795898.437500
1533004882.812500
1533213867.187500
1533422851.562500
1533631835.937500
1533840820.312500
1534049804.687500
1534258789.062500
1534467773.437500
1534676757.812500
1534885742.187500
1535094726.562500
1535303710.937500
1535512695.312500
1535721679.687500
1535930664.062500
1536139648.437500
1536348632.812500
1536557617.187500
1536766601.562500
1536975585.937500
1537184570.312500
1537393554.687500
1537602539.062500
1537811523.437500
1538020507.812500
1538229492.187500
1538438476.562500
1538647460.937500
1538856445.312500
1539065429.687500
1539274414.062500
1539483398.437500
1539692382.812500
1539901367.187500
1540110351.562500
1540319335.937500
1540528320.312500
1540737304.687500
1540946289.062500
1541155273.437500
1541364257.812500
1541573242.187500
1541782226.562500
1541991210.937500
1542200195.312500
1542409179.687500
1542618164.062500
1542827148.437500
1543036132.812500
1543245117.187500
1543454101.562500
1543663085.937500
1543872070.312500
1544081054.687500
1544290039.062500
1544499023.437500
1544708007.812500
1544916992.187500
1545125976.562500
1545334960.937500
1545543945.312500
1545752929.687500
1545961914.062500
1546170898.437500
1546379882.812500
1546588867.187500
1546797851.562500
1547006835.937500
1547215820.312500
1547424804.687500
1547633789.062500
1547842773.437500
1548051757.812500
1548260742.187500
1548469726.562500
1548678710.937500
1548887695.312500
1549096679.687500
1549305664.062500
1549514648.437500
1549723632.812500
1549932617.187500
1550141601.562500
1550350585.937500
1550559570.312500
1550768554.687500
1550977539.062500
1551186523.437500
1551395507.812500
1551604492.187500
1551813476.562500
1552022460.937500
1552231445.312500
1552440429.687500
1552649414.062500
1552858398.437500
1553067382.812500
1553276367.187500
1553485351.562500
1553694335.937500
1553903320.312500
1554112304.687500
1554321289.062500
1554530273.437500
1554739257.812500
1554948242.187500
1555157226.562500
1555366210.937500
1555575195.312500
1555784179.687500
1555993164.062500
1556202148.437500
1556411132.812500
1556620117.187500
1556829101.562500
1557038085.937500
1557247070.312500
1557456054.687500
1557665039.062500
1557874023.437500
1558083007.812500
1558291992.187500
1558500976.562500
1558709960.937500
1558918945.312500
1559127929.687500
1559336914.062500
1559545898.437500
1559754882.812500
1559963867.187500
1560172851.562500
1560381835.937500
1560590820.312500
1560799804.687500
1561008789.062500
1561217773.437500
1561426757.812500
1561635742.187500
1561844726.562500
1562053710.937500
1562262695.312500
1562471679.687500
1562680664.062500
1562889648.437500
1563098632.812500
1563307617.187500
1563516601.562500
1563725585.937500
1563934570.312500
1564143554.687500
1564352539.062500
1564561523.437500
1564770507.812500
1564979492.187500
1565188476.562500
1565397460.937500
1565606445.312500
1565815429.687500
1566024414.062500
1566233398.437500
1566442382.812500
1566651367.187500
1566860351.562500
1567069335.937500
1567278320.312500
1567487304.687500
1567696289.062500
1567905273.437500
1568114257.812500
1568323242.187500
1568532226.562500
1568741210.937500
1568950195.312500
1569159179.687500
1569368164.062500
1569577148.437500
1569786132.812500
1569995117.187500
1570204101.562500
1570413085.937500
1570622070.312500
1570831054.687500
1571040039.062500
1571249023.437500
1571458007.812500
1571666992.187500
1571875976.562500
1572084960.937500
1572293945.312500
1572502929.687500
1572711914.062500
1572920898.437500
1573129882.812500
1573338867.187500
1573547851.562500
1573756835.937500
1573965820.312500
1574174804.687500
1574383789.062500
1574592773.437500
1574801757.812500
1575010742.187500
1575219726.562500
1575428710.937500
1575637695.312500
1575846679.687500
1576055664.062500
1576264648.437500
1576473632.812500
1576682617.187500
1576891601.562500
1577100585.937500
1577309570.312500
1577518554.687500
1577727539.062500
1577936523.437500
1578145507.812500
1578354492.187500
1578563476.562500
1578772460.937500
1578981445.312500
1579190429.687500
1579399414.062500
1579608398.437500
1579817382.812500
1580026367.187500
1580235351.562500
1580444335.937500
1580653320.312500
1580862304.687500
1581071289.062500
1581280273.437500
1581489257.812500
1581698242.187500
1581907226.562500
1582116210.937500
1582325195.312500
1582534179.687500
1582743164.062500
1582952148.437500
1583161132.812500
1583370117.187500
1583579101.562500
1583788085.937500
1583997070.312500
1584206054.687500
1584415039.062500
1584624023.437500
1584833007.812500
1585041992.187500
1585250976.562500
1585459960.937500
1585668945.312500
1585877929.687500
1586086914.062500
1586295898.437500
1586504882.812500
1586713867.187500
1586922851.562500
1587131835.937500
1587340820.312500
1587549804.687500
1587758789.062500
1587967773.437500
1588176757.812500
1588385742.187500
1588594726.562500
1588803710.937500
1589012695.312500
1589221679.687500
1589430664.062500
1589639648.437500
1589848632.812500
1590057617.187500
1590266601.562500
1590475585.937500
1590684570.312500
1590893554.687500
1591102539.062500
1591311523.437500
1591520507.812500
1591729492.187500
1591938476.562500
1592147460.937500
1592356445.312500
1592565429.687500
1592774414.062500
1592983398.437500
1593192382.812500
1593401367.187500
1593610351.562500
1593819335.937500
1594028320.312500
1594237304.687500
1594446289.062500
1594655273.437500
1594864257.812500
1595073242.187500
1595282226.562500
1595491210.937500
1595700195.312500
1595909179.687500
1596118164.062500
1596327148.437500
1596536132.812500
1596745117.187500
1596954101.562500
1597163085.937500
1597372070.312500
1597581054.687500
1597790039.062500
1597999023.437500
1598208007.812500
1598416992.187500
1598625976.562500
1598834960.937500
1599043945.312500
1599252929.687500
1599461914.062500
1599670898.437500
1599879882.812500
1600088867.187500
1600297851.562500
1600506835.937500
1600715820.312500
1600924804.687500
1601133789.062500
1601342773.437500
1601551757.812500
1601760742.187500
1601969726.562500
1602178710.937500
1602387695.312500
1602596679.687500
1602805664.062500
1603014648.437500
1603223632.812500
1603432617.187500
1603641601.562500
1603850585.937500
1604059570.312500
1604268554.687500
1604477539.062500
1604686523.437500
1604895507.812500
1605104492.187500
1605313476.562500
1605522460.937500
1605731445.312500
1605940429.687500
1606149414.062500
1606358398.437500
1606567382.812500
1606776367.187500
1606985351.562500
1607194335.937500
1607403320.312500
1607612304.687500
1607821289.062500
1608030273.437500
1608239257.812500
1608448242.187500
1608657226.562500
1608866210.937500
1609075195.312500
1609284179.687500
1609493164.062500
1609702148.437500
1609911132.812500
1610120117.187500
1610329101.562500
1610538085.937500
1610747070.312500
1610956054.687500
1611165039.062500
1611374023.437500
1611583007.812500
1611791992.187500
1612000976.562500
1612209960.937500
1612418945.312500
1612627929.687500
1612836914.062500
1613045898.437500
1613254882.812500
1613463867.187500
1613672851.562500
1613881835.937500
1614090820.312500
1614299804.687500
1614508789.062500
1614717773.437500
1614926757.812500
1615135742.187500
1615344726.562500
1615553710.937500
1615762695.312500
1615971679.687500
1616180664.062500
1616389648.437500
1616598632.812500
1616807617.187500
1617016601.562500
1617225585.937500
1617434570.312500
1617643554.687500
1617852539.062500
1618061523.437500
1618270507.812500
1618479492.187500
1618688476.562500
1618897460.937500
1619106445.312500
1619315429.687500
1619524414.062500
1619733398.437500
1619942382.812500
1620151367.187500
1620360351.562500
1620569335.937500
1620778320.312500
1620987304.687500
1621196289.062500
1621405273.437500
1621614257.812500
1621823242.187500
1622032226.562500
1622241210.937500
1622450195.312500
1622659179.687500
1622868164.062500
1623077148.437500
1623286132.812500
1623495117.187500
1623704101.562500
1623913085.937500
1624122070.312500
1624331054.687500
1624540039.062500
1624749023.437500
1624958007.812500
1625166992.187500
1625375976.562500
1625584960.937500
1625793945.312500
1626002929.687500
1626211914.062500
1626420898.437500
1626629882.812500
1626838867.187500
1627047851.562500
1627256835.937500
1627465820.312500
1627674804.687500
1627883789.062500
1628092773.437500
1628301757.812500
1628510742.187500
1628719726.562500
1628928710.937500
1629137695.312500
1629346679.687500
1629555664.062500
1629764648.437500
1629973632.812500
1630182617.187500
1630391601.562500
1630600585.937500
1630809570.312500
1631018554.687500
1631227539.062500
1631436523.437500
1631645507.812500
1631854492.187500
1632063476.562500
1632272460.937500
1632481445.312500
1632690429.687500
1632899414.062500
1633108398.437500
1633317382.812500
1633526367.187500
1633735351.562500
1633944335.937500
1634153320.312500
1634362304.687500
1634571289.062500
1634780273.437500
1634989257.812500
1635198242.187500
1635407226.562500
1635616210.937500
1635825195.312500
1636034179.687500
1636243164.062500
1636452148.437500
1636661132.812500
1636870117.187500
1637079101.562500
1637288085.937500
1637497070.312500
1637706054.687500
1637915039.062500
1638124023.437500
1638333007.812500
1638541992.187500
1638750976.562500
1638959960.937500
1639168945.312500
1639377929.687500
1639586914.062500
1639795898.437500
1640004882.812500
1640213867.187500
1640422851.562500
1640631835.937500
1640840820.312500
1641049804.687500
1641258789.062500
1641467773.437500
1641676757.812500
1641885742.187500
1642094726.562500
1642303710.937500
1642512695.312500
1642721679.687500
1642930664.062500
1643139648.437500
1643348632.812500
1643557617.187500
1643766601.562500
1643975585.937500
1644184570.312500
1644393554.687500
1644602539.062500
1644811523.437500
1645020507.812500
1645229492.187500
1645438476.562500
1645647460.937500
1645856445.312500
1646065429.687500
1646274414.062500
1646483398.437500
1646692382.812500
1646901367.187500
1647110351.562500
1647319335.937500
1647528320.312500
1647737304.687500
1647946289.062500
1648155273.437500
1648364257.812500
1648573242.187500
1648782226.562500
1648991210.937500
1649200195.312500
1649409179.687500
1649618164.062500
1649827148.437500
1650036132.812500
1650245117.187500
1650454101.562500
1650663085.937500
1650872070.312500
1651081054.687500
1651290039.062500
1651499023.437500
1651708007.812500
1651916992.187500
1652125976.562500
1652334960.937500
1652543945.312500
1652752929.687500
1652961914.062500
1653170898.437500
1653379882.812500
1653588867.187500
1653797851.562500
1654006835.937500
1654215820.312500
1654424804.687500
1654633789.062500
1654842773.437500
1655051757.812500
1655260742.187500
1655469726.562500
1655678710.937500
1655887695.312500
1656096679.687500
1656305664.062500
1656514648.437500
1656723632.812500
1656932617.187500
1657141601.562500
1657350585.937500
1657559570.312500
1657768554.687500
1657977539.062500
1658186523.437500
1658395507.812500
1658604492.187500
1658813476.562500
1659022460.937500
1659231445.312500
1659440429.687500
1659649414.062500
1659858398.437500
1660067382.812500
1660276367.187500
1660485351.562500
1660694335.937500
1660903320.312500
1661112304.687500
1661321289.062500
1661530273.437500
1661739257.812500
1661948242.187500
1662157226.562500
1662366210.937500
1662575195.312500
1662784179.687500
1662993164.062500
1663202148.437500
1663411132.812500
1663620117.187500
1663829101.562500
1664038085.937500
1664247070.312500
1664456054.687500
1664665039.062500
1664874023.437500
1665083007.812500
1665291992.187500
1665500976.562500
1665709960.937500
1665918945.312500
1666127929.687500
1666336914.062500
1666545898.437500
1666754882.812500
1666963867.187500
1667172851.562500
1667381835.937500
1667590820.312500
1667799804.687500
1668008789.062500
1668217773.437500
1668426757.812500
1668635742.187500
1668844726.562500
1669053710.937500
1669262695.312500
1669471679.687500
1669680664.062500
1669889648.437500
1670098632.812500
1670307617.187500
1670516601.562500
1670725585.937500
1670934570.312500
1671143554.687500
1671352539.062500
1671561523.437500
1671770507.812500
1671979492.187500
1672188476.562500
1672397460.937500
1672606445.312500
1672815429.687500
1673024414.062500
1673233398.437500
1673442382.812500
1673651367.187500
1673860351.562500
1674069335.937500
1674278320.312500
1674487304.687500
1674696289.062500
1674905273.437500
1675114257.812500
1675323242.187500
1675532226.562500
1675741210.937500
1675950195.312500
1676159179.687500
1676368164.062500
1676577148.437500
1676786132.812500
1676995117.187500
1677204101.562500
1677413085.937500
1677622070.312500
1677831054.687500
1678040039.062500
1678249023.437500
1678458007.812500
1678666992.187500
1678875976.562500
1679084960.937500
1679293945.312500
1679502929.687500
1679711914.062500
1679920898.437500
1680129882.812500
1680338867.187500
1680547851.562500
1680756835.937500
1680965820.312500
1681174804.687500
1681383789.062500
1681592773.437500
1681801757.812500
1682010742.187500
1682219726.562500
1682428710.937500
1682637695.312500
1682846679.687500
1683055664.062500
1683264648.437500
1683473632.812500
1683682617.187500
1683891601.562500
1684100585.937500
1684309570.312500
1684518554.687500
1684727539.062500
1684936523.437500
1685145507.812500
1685354492.187500
1685563476.562500
1685772460.937500
1685981445.312500
1686190429.687500
1686399414.062500
1686608398.437500
1686817382.812500
1687026367.187500
1687235351.562500
1687444335.937500
1687653320.312500
1687862304.687500
1688071289.062500
1688280273.437500
1688489257.812500
1688698242.187500
1688907226.562500
1689116210.937500
1689325195.312500
1689534179.687500
1689743164.062500
1689952148.437500
1690161132.812500
1690370117.187500
1690579101.562500
1690788085.937500
1690997070.312500
1691206054.687500
1691415039.062500
1691624023.437500
1691833007.812500
1692041992.187500
1692250976.562500
1692459960.937500
1692668945.312500
1692877929.687500
1693086914.062500
1693295898.437500
1693504882.812500
1693713867.187500
1693922851.562500
1694131835.937500
1694340820.312500
1694549804.687500
1694758789.062500
1694967773.437500
1695176757.812500
1695385742.187500
1695594726.562500
1695803710.937500
1696012695.312500
1696221679.687500
1696430664.062500
1696639648.437500
1696848632.812500
1697057617.187500
1697266601.562500
1697475585.937500
1697684570.312500
1697893554.687500
1698102539.062500
1698311523.437500
1698520507.812500
1698729492.187500
1698938476.562500
1699147460.937500
1699356445.312500
1699565429.687500
1699774414.062500
1699983398.437500
1700192382.812500
1700401367.187500
1700610351.562500
1700819335.937500
1701028320.312500
1701237304.687500
1701446289.062500
1701655273.437500
1701864257.812500
1702073242.187500
1702282226.562500
1702491210.937500
1702700195.312500
1702909179.687500
1703118164.062500
1703327148.437500
1703536132.812500
1703745117.187500
1703954101.562500
1704163085.937500
1704372070.312500
1704581054.687500
1704790039.062500
1704999023.437500
1705208007.812500
1705416992.187500
1705625976.562500
1705834960.937500
1706043945.312500
1706252929.687500
1706461914.062500
1706670898.437500
1706879882.812500
1707088867.187500
1707297851.562500
1707506835.937500
1707715820.312500
1707924804.687500
1708133789.062500
1708342773.437500
1708551757.812500
1708760742.187500
1708969726.562500
1709178710.937500
1709387695.312500
1709596679.687500
1709805664.062500
1710014648.437500
1710223632.812500
1710432617.187500
1710641601.562500
1710850585.937500
1711059570.312500
1711268554.687500
1711477539.062500
1711686523.437500
1711895507.812500
