# uGMRT Band 3: 250--500 MHz
# Reference: NCRA GMRT System Parameters, https://www.gmrt.ncra.tifr.res.in/doc/GMRT_specs.pdf
#            GTAC Cycle 50 Announcement, https://indrayani.ncra.tifr.res.in/~secr-ops/sch/c50webfiles/gtac_50_announcement.pdf
# Channel density: ~244 kHz/ch (decimated from native ~50 kHz/ch)
250122070.312500
250366210.937500
250610351.562500
250854492.187500
251098632.812500
251342773.437500
251586914.062500
251831054.687500
252075195.312500
252319335.937500
252563476.562500
252807617.187500
253051757.812500
253295898.437500
253540039.062500
253784179.687500
254028320.312500
254272460.937500
254516601.562500
254760742.187500
255004882.812500
255249023.437500
255493164.062500
255737304.687500
255981445.312500
256225585.937500
256469726.562500
256713867.187500
256958007.812500
257202148.437500
257446289.062500
257690429.687500
257934570.312500
258178710.937500
258422851.562500
258666992.187500
258911132.812500
259155273.437500
259399414.062500
259643554.687500
259887695.312500
260131835.937500
260375976.562500
260620117.187500
260864257.812500
261108398.437500
261352539.062500
261596679.687500
261840820.312500
262084960.937500
262329101.562500
262573242.187500
262817382.812500
263061523.437500
263305664.062500
263549804.687500
263793945.312500
264038085.937500
264282226.562500
264526367.187500
264770507.812500
265014648.437500
265258789.062500
265502929.687500
265747070.312500
265991210.937500
266235351.562500
266479492.187500
266723632.812500
266967773.437500
267211914.062500
267456054.687500
267700195.312500
267944335.937500
268188476.562500
268432617.187500
268676757.812500
268920898.437500
269165039.062500
269409179.687500
269653320.312500
269897460.937500
270141601.562500
270385742.187500
270629882.812500
270874023.437500
271118164.062500
271362304.687500
271606445.312500
271850585.937500
272094726.562500
272338867.187500
272583007.812500
272827148.437500
273071289.062500
273315429.687500
273559570.312500
273803710.937500
274047851.562500
274291992.187500
274536132.812500
274780273.437500
275024414.062500
275268554.687500
275512695.312500
275756835.937500
276000976.562500
276245117.187500
276489257.812500
276733398.437500
276977539.062500
277221679.687500
277465820.312500
277709960.937500
277954101.562500
278198242.187500
278442382.812500
278686523.437500
278930664.062500
279174804.687500
279418945.312500
279663085.937500
279907226.562500
280151367.187500
280395507.812500
280639648.437500
280883789.062500
281127929.687500
281372070.312500
281616210.937500
281860351.562500
282104492.187500
282348632.812500
282592773.437500
282836914.062500
283081054.687500
283325195.312500
283569335.937500
283813476.562500
284057617.187500
284301757.812500
284545898.437500
284790039.062500
285034179.687500
285278320.312500
285522460.937500
285766601.562500
286010742.187500
286254882.812500
286499023.437500
286743164.062500
286987304.687500
287231445.312500
287475585.937500
287719726.562500
287963867.187500
288208007.812500
288452148.437500
288696289.062500
288940429.687500
289184570.312500
289428710.937500
289672851.562500
289916992.187500
290161132.812500
290405273.437500
290649414.062500
290893554.687500
291137695.312500
291381835.937500
291625976.562500
291870117.187500
292114257.812500
292358398.437500
292602539.062500
292846679.687500
293090820.312500
293334960.937500
293579101.562500
293823242.187500
294067382.812500
294311523.437500
294555664.062500
294799804.687500
295043945.312500
295288085.937500
295532226.562500
295776367.187500
296020507.812500
296264648.437500
296508789.062500
296752929.687500
296997070.312500
297241210.937500
297485351.562500
297729492.187500
297973632.812500
298217773.437500
298461914.062500
298706054.687500
298950195.312500
299194335.937500
299438476.562500
299682617.187500
299926757.812500
300170898.437500
300415039.062500
300659179.687500
300903320.312500
301147460.937500
301391601.562500
301635742.187500
301879882.812500
302124023.437500
302368164.062500
302612304.687500
302856445.312500
303100585.937500
303344726.562500
303588867.187500
303833007.812500
304077148.437500
304321289.062500
304565429.687500
304809570.312500
305053710.937500
305297851.562500
305541992.187500
305786132.812500
306030273.437500
306274414.062500
306518554.687500
306762695.312500
307006835.937500
307250976.562500
307495117.187500
307739257.812500
307983398.437500
308227539.062500
308471679.687500
308715820.312500
308959960.937500
309204101.562500
309448242.187500
309692382.812500
309936523.437500
310180664.062500
310424804.687500
310668945.312500
310913085.937500
311157226.562500
311401367.187500
311645507.812500
311889648.437500
312133789.062500
312377929.687500
312622070.312500
312866210.937500
313110351.562500
313354492.187500
313598632.812500
313842773.437500
314086914.062500
314331054.687500
314575195.312500
314819335.937500
315063476.562500
315307617.187500
315551757.812500
315795898.437500
316040039.062500
316284179.687500
316528320.312500
316772460.937500
317016601.562500
317260742.187500
317504882.812500
317749023.437500
317993164.062500
318237304.687500
318481445.312500
318725585.937500
318969726.562500
319213867.187500
319458007.812500
319702148.437500
319946289.062500
320190429.687500
320434570.312500
320678710.937500
320922851.562500
321166992.187500
321411132.812500
321655273.437500
321899414.062500
322143554.687500
322387695.312500
322631835.937500
322875976.562500
323120117.187500
323364257.812500
323608398.437500
323852539.062500
324096679.687500
324340820.312500
324584960.937500
324829101.562500
325073242.187500
325317382.812500
325561523.437500
325805664.062500
326049804.687500
326293945.312500
326538085.937500
326782226.562500
327026367.187500
327270507.812500
327514648.437500
327758789.062500
328002929.687500
328247070.312500
328491210.937500
328735351.562500
328979492.187500
329223632.812500
329467773.437500
329711914.062500
329956054.687500
330200195.312500
330444335.937500
330688476.562500
330932617.187500
331176757.812500
331420898.437500
331665039.062500
331909179.687500
332153320.312500
332397460.937500
332641601.562500
332885742.187500
333129882.812500
333374023.437500
333618164.062500
333862304.687500
334106445.312500
334350585.937500
334594726.562500
334838867.187500
335083007.812500
335327148.437500
335571289.062500
335815429.687500
336059570.312500
336303710.937500
336547851.562500
336791992.187500
337036132.812500
337280273.437500
337524414.062500
337768554.687500
338012695.312500
338256835.937500
338500976.562500
338745117.187500
338989257.812500
339233398.437500
339477539.062500
339721679.687500
339965820.312500
340209960.937500
340454101.562500
340698242.187500
340942382.812500
341186523.437500
341430664.062500
341674804.687500
341918945.312500
342163085.937500
342407226.562500
342651367.187500
342895507.812500
343139648.437500
343383789.062500
343627929.687500
343872070.312500
344116210.937500
344360351.562500
344604492.187500
344848632.812500
345092773.437500
345336914.062500
345581054.687500
345825195.312500
346069335.937500
346313476.562500
346557617.187500
346801757.812500
347045898.437500
347290039.062500
347534179.687500
347778320.312500
348022460.937500
348266601.562500
348510742.187500
348754882.812500
348999023.437500
349243164.062500
349487304.687500
349731445.312500
349975585.937500
350219726.562500
350463867.187500
350708007.812500
350952148.437500
351196289.062500
351440429.687500
351684570.312500
351928710.937500
352172851.562500
352416992.187500
352661132.812500
352905273.437500
353149414.062500
353393554.687500
353637695.312500
353881835.937500
354125976.562500
354370117.187500
354614257.812500
354858398.437500
355102539.062500
355346679.687500
355590820.312500
355834960.937500
356079101.562500
356323242.187500
356567382.812500
356811523.437500
357055664.062500
357299804.687500
357543945.312500
357788085.937500
358032226.562500
358276367.187500
358520507.812500
358764648.437500
359008789.062500
359252929.687500
359497070.312500
359741210.937500
359985351.562500
360229492.187500
360473632.812500
360717773.437500
360961914.062500
361206054.687500
361450195.312500
361694335.937500
361938476.562500
362182617.187500
362426757.812500
362670898.437500
362915039.062500
363159179.687500
363403320.312500
363647460.937500
363891601.562500
364135742.187500
364379882.812500
364624023.437500
364868164.062500
365112304.687500
365356445.312500
365600585.937500
365844726.562500
366088867.187500
366333007.812500
366577148.437500
366821289.062500
367065429.687500
367309570.312500
367553710.937500
367797851.562500
368041992.187500
368286132.812500
368530273.437500
368774414.062500
369018554.687500
369262695.312500
369506835.937500
369750976.562500
369995117.187500
370239257.812500
370483398.437500
370727539.062500
370971679.687500
371215820.312500
371459960.937500
371704101.562500
371948242.187500
372192382.812500
372436523.437500
372680664.062500
372924804.687500
373168945.312500
373413085.937500
373657226.562500
373901367.187500
374145507.812500
374389648.437500
374633789.062500
374877929.687500
375122070.312500
375366210.937500
375610351.562500
375854492.187500
376098632.812500
376342773.437500
376586914.062500
376831054.687500
377075195.312500
377319335.937500
377563476.562500
377807617.187500
378051757.812500
378295898.437500
378540039.062500
378784179.687500
379028320.312500
379272460.937500
379516601.562500
379760742.187500
380004882.812500
380249023.437500
380493164.062500
380737304.687500
380981445.312500
381225585.937500
381469726.562500
381713867.187500
381958007.812500
382202148.437500
382446289.062500
382690429.687500
382934570.312500
383178710.937500
383422851.562500
383666992.187500
383911132.812500
384155273.437500
384399414.062500
384643554.687500
384887695.312500
385131835.937500
385375976.562500
385620117.187500
385864257.812500
386108398.437500
386352539.062500
386596679.687500
386840820.312500
387084960.937500
387329101.562500
387573242.187500
387817382.812500
388061523.437500
388305664.062500
388549804.687500
388793945.312500
389038085.937500
389282226.562500
389526367.187500
389770507.812500
390014648.437500
390258789.062500
390502929.687500
390747070.312500
390991210.937500
391235351.562500
391479492.187500
391723632.812500
391967773.437500
392211914.062500
392456054.687500
392700195.312500
392944335.937500
393188476.562500
393432617.187500
393676757.812500
393920898.437500
394165039.062500
394409179.687500
394653320.312500
394897460.937500
395141601.562500
395385742.187500
395629882.812500
395874023.437500
396118164.062500
396362304.687500
396606445.312500
396850585.937500
397094726.562500
397338867.187500
397583007.812500
397827148.437500
398071289.062500
398315429.687500
398559570.312500
398803710.937500
399047851.562500
399291992.187500
399536132.812500
399780273.437500
400024414.062500
400268554.687500
400512695.312500
400756835.937500
401000976.562500
401245117.187500
401489257.812500
401733398.437500
401977539.062500
402221679.687500
402465820.312500
402709960.937500
402954101.562500
403198242.187500
403442382.812500
403686523.437500
403930664.062500
404174804.687500
404418945.312500
404663085.937500
404907226.562500
405151367.187500
405395507.812500
405639648.437500
405883789.062500
406127929.687500
406372070.312500
406616210.937500
406860351.562500
407104492.187500
407348632.812500
407592773.437500
407836914.062500
408081054.687500
408325195.312500
408569335.937500
408813476.562500
409057617.187500
409301757.812500
409545898.437500
409790039.062500
410034179.687500
410278320.312500
410522460.937500
410766601.562500
411010742.187500
411254882.812500
411499023.437500
411743164.062500
411987304.687500
412231445.312500
412475585.937500
412719726.562500
412963867.187500
413208007.812500
413452148.437500
413696289.062500
413940429.687500
414184570.312500
414428710.937500
414672851.562500
414916992.187500
415161132.812500
415405273.437500
415649414.062500
415893554.687500
416137695.312500
416381835.937500
416625976.562500
416870117.187500
417114257.812500
417358398.437500
417602539.062500
417846679.687500
418090820.312500
418334960.937500
418579101.562500
418823242.187500
419067382.812500
419311523.437500
419555664.062500
419799804.687500
420043945.312500
420288085.937500
420532226.562500
420776367.187500
421020507.812500
421264648.437500
421508789.062500
421752929.687500
421997070.312500
422241210.937500
422485351.562500
422729492.187500
422973632.812500
423217773.437500
423461914.062500
423706054.687500
423950195.312500
424194335.937500
424438476.562500
424682617.187500
424926757.812500
425170898.437500
425415039.062500
425659179.687500
425903320.312500
426147460.937500
426391601.562500
426635742.187500
426879882.812500
427124023.437500
427368164.062500
427612304.687500
427856445.312500
428100585.937500
428344726.562500
428588867.187500
428833007.812500
429077148.437500
429321289.062500
429565429.687500
429809570.312500
430053710.937500
430297851.562500
430541992.187500
430786132.812500
431030273.437500
431274414.062500
431518554.687500
431762695.312500
432006835.937500
432250976.562500
432495117.187500
432739257.812500
432983398.437500
433227539.062500
433471679.687500
433715820.312500
433959960.937500
434204101.562500
434448242.187500
434692382.812500
434936523.437500
435180664.062500
435424804.687500
435668945.312500
435913085.937500
436157226.562500
436401367.187500
436645507.812500
436889648.437500
437133789.062500
437377929.687500
437622070.312500
437866210.937500
438110351.562500
438354492.187500
438598632.812500
438842773.437500
439086914.062500
439331054.687500
439575195.312500
439819335.937500
440063476.562500
440307617.187500
440551757.812500
440795898.437500
441040039.062500
441284179.687500
441528320.312500
441772460.937500
442016601.562500
442260742.187500
442504882.812500
442749023.437500
442993164.062500
443237304.687500
443481445.312500
443725585.937500
443969726.562500
444213867.187500
444458007.812500
444702148.437500
444946289.062500
445190429.687500
445434570.312500
445678710.937500
445922851.562500
446166992.187500
446411132.812500
446655273.437500
446899414.062500
447143554.687500
447387695.312500
447631835.937500
447875976.562500
448120117.187500
448364257.812500
448608398.437500
448852539.062500
449096679.687500
449340820.312500
449584960.937500
449829101.562500
450073242.187500
450317382.812500
450561523.437500
450805664.062500
451049804.687500
451293945.312500
451538085.937500
451782226.562500
452026367.187500
452270507.812500
452514648.437500
452758789.062500
453002929.687500
453247070.312500
453491210.937500
453735351.562500
453979492.187500
454223632.812500
454467773.437500
454711914.062500
454956054.687500
455200195.312500
455444335.937500
455688476.562500
455932617.187500
456176757.812500
456420898.437500
456665039.062500
456909179.687500
457153320.312500
457397460.937500
457641601.562500
457885742.187500
458129882.812500
458374023.437500
458618164.062500
458862304.687500
459106445.312500
459350585.937500
459594726.562500
459838867.187500
460083007.812500
460327148.437500
460571289.062500
460815429.687500
461059570.312500
461303710.937500
461547851.562500
461791992.187500
462036132.812500
462280273.437500
462524414.062500
462768554.687500
463012695.312500
463256835.937500
463500976.562500
463745117.187500
463989257.812500
464233398.437500
464477539.062500
464721679.687500
464965820.312500
465209960.937500
465454101.562500
465698242.187500
465942382.812500
466186523.437500
466430664.062500
466674804.687500
466918945.312500
467163085.937500
467407226.562500
467651367.187500
467895507.812500
468139648.437500
468383789.062500
468627929.687500
468872070.312500
469116210.937500
469360351.562500
469604492.187500
469848632.812500
470092773.437500
470336914.062500
470581054.687500
470825195.312500
471069335.937500
471313476.562500
471557617.187500
471801757.812500
472045898.437500
472290039.062500
472534179.687500
472778320.312500
473022460.937500
473266601.562500
473510742.187500
473754882.812500
473999023.437500
474243164.062500
474487304.687500
474731445.312500
474975585.937500
475219726.562500
475463867.187500
475708007.812500
475952148.437500
476196289.062500
476440429.687500
476684570.312500
476928710.937500
477172851.562500
477416992.187500
477661132.812500
477905273.437500
478149414.062500
478393554.687500
478637695.312500
478881835.937500
479125976.562500
479370117.187500
479614257.812500
479858398.437500
480102539.062500
480346679.687500
480590820.312500
480834960.937500
481079101.562500
481323242.187500
481567382.812500
481811523.437500
482055664.062500
482299804.687500
482543945.312500
482788085.937500
483032226.562500
483276367.187500
483520507.812500
483764648.437500
484008789.062500
484252929.687500
484497070.312500
484741210.937500
484985351.562500
485229492.187500
485473632.812500
485717773.437500
485961914.062500
486206054.687500
486450195.312500
486694335.937500
486938476.562500
487182617.187500
487426757.812500
487670898.437500
487915039.062500
488159179.687500
488403320.312500
488647460.937500
488891601.562500
489135742.187500
489379882.812500
489624023.437500
489868164.062500
490112304.687500
490356445.312500
490600585.937500
490844726.562500
491088867.187500
491333007.812500
491577148.437500
491821289.062500
492065429.687500
492309570.312500
492553710.937500
492797851.562500
493041992.187500
493286132.812500
493530273.437500
493774414.062500
494018554.687500
494262695.312500
494506835.937500
494750976.562500
494995117.187500
495239257.812500
495483398.437500
495727539.062500
495971679.687500
496215820.312500
496459960.937500
496704101.562500
496948242.187500
497192382.812500
497436523.437500
497680664.062500
497924804.687500
498168945.312500
498413085.937500
498657226.562500
498901367.187500
499145507.812500
499389648.437500
499633789.062500
499877929.687500
