# VLA S-band: 2000--4000 MHz
# Reference: NRAO VLA OSS, https://science.nrao.edu/facilities/vla/docs/manuals/oss/performance/vla-frequency-bands-and-tunability
# Channel density: ~977 kHz/ch (matches VLA L-band density in this repo)
2000488281.250000
2001464843.750000
2002441406.250000
2003417968.750000
2004394531.250000
2005371093.750000
2006347656.250000
2007324218.750000
2008300781.250000
2009277343.750000
2010253906.250000
2011230468.750000
2012207031.250000
2013183593.750000
2014160156.250000
2015136718.750000
2016113281.250000
2017089843.750000
2018066406.250000
2019042968.750000
2020019531.250000
2020996093.750000
2021972656.250000
2022949218.750000
2023925781.250000
2024902343.750000
2025878906.250000
2026855468.750000
2027832031.250000
2028808593.750000
2029785156.250000
2030761718.750000
2031738281.250000
2032714843.750000
2033691406.250000
2034667968.750000
2035644531.250000
2036621093.750000
2037597656.250000
2038574218.750000
2039550781.250000
2040527343.750000
2041503906.250000
2042480468.750000
2043457031.250000
2044433593.750000
2045410156.250000
2046386718.750000
2047363281.250000
2048339843.750000
2049316406.250000
2050292968.750000
2051269531.250000
2052246093.750000
2053222656.250000
2054199218.750000
2055175781.250000
2056152343.750000
2057128906.250000
2058105468.750000
2059082031.250000
2060058593.750000
2061035156.250000
2062011718.750000
2062988281.250000
2063964843.750000
2064941406.250000
2065917968.750000
2066894531.250000
2067871093.750000
2068847656.250000
2069824218.750000
2070800781.250000
2071777343.750000
2072753906.250000
2073730468.750000
2074707031.250000
2075683593.750000
2076660156.250000
2077636718.750000
2078613281.250000
2079589843.750000
2080566406.250000
2081542968.750000
2082519531.250000
2083496093.750000
2084472656.250000
2085449218.750000
2086425781.250000
2087402343.750000
2088378906.250000
2089355468.750000
2090332031.250000
2091308593.750000
2092285156.250000
2093261718.750000
2094238281.250000
2095214843.750000
2096191406.250000
2097167968.750000
2098144531.250000
2099121093.750000
2100097656.250000
2101074218.750000
2102050781.250000
2103027343.750000
2104003906.250000
2104980468.750000
2105957031.250000
2106933593.750000
2107910156.250000
2108886718.750000
2109863281.250000
2110839843.750000
2111816406.250000
2112792968.750000
2113769531.250000
2114746093.750000
2115722656.250000
2116699218.750000
2117675781.250000
2118652343.750000
2119628906.250000
2120605468.750000
2121582031.250000
2122558593.750000
2123535156.250000
2124511718.750000
2125488281.250000
2126464843.750000
2127441406.250000
2128417968.750000
2129394531.250000
2130371093.750000
2131347656.250000
2132324218.750000
2133300781.250000
2134277343.750000
2135253906.250000
2136230468.750000
2137207031.250000
2138183593.750000
2139160156.250000
2140136718.750000
2141113281.250000
2142089843.750000
2143066406.250000
2144042968.750000
2145019531.250000
2145996093.750000
2146972656.250000
2147949218.750000
2148925781.250000
2149902343.750000
2150878906.250000
2151855468.750000
2152832031.250000
2153808593.750000
2154785156.250000
2155761718.750000
2156738281.250000
2157714843.750000
2158691406.250000
2159667968.750000
2160644531.250000
2161621093.750000
2162597656.250000
2163574218.750000
2164550781.250000
2165527343.750000
2166503906.250000
2167480468.750000
2168457031.250000
2169433593.750000
2170410156.250000
2171386718.750000
2172363281.250000
2173339843.750000
2174316406.250000
2175292968.750000
2176269531.250000
2177246093.750000
2178222656.250000
2179199218.750000
2180175781.250000
2181152343.750000
2182128906.250000
2183105468.750000
2184082031.250000
2185058593.750000
2186035156.250000
2187011718.750000
2187988281.250000
2188964843.750000
2189941406.250000
2190917968.750000
2191894531.250000
2192871093.750000
2193847656.250000
2194824218.750000
2195800781.250000
2196777343.750000
2197753906.250000
2198730468.750000
2199707031.250000
2200683593.750000
2201660156.250000
2202636718.750000
2203613281.250000
2204589843.750000
2205566406.250000
2206542968.750000
2207519531.250000
2208496093.750000
2209472656.250000
2210449218.750000
2211425781.250000
2212402343.750000
2213378906.250000
2214355468.750000
2215332031.250000
2216308593.750000
2217285156.250000
2218261718.750000
2219238281.250000
2220214843.750000
2221191406.250000
2222167968.750000
2223144531.250000
2224121093.750000
2225097656.250000
2226074218.750000
2227050781.250000
2228027343.750000
2229003906.250000
2229980468.750000
2230957031.250000
2231933593.750000
2232910156.250000
2233886718.750000
2234863281.250000
2235839843.750000
2236816406.250000
2237792968.750000
2238769531.250000
2239746093.750000
2240722656.250000
2241699218.750000
2242675781.250000
2243652343.750000
2244628906.250000
2245605468.750000
2246582031.250000
2247558593.750000
2248535156.250000
2249511718.750000
2250488281.250000
2251464843.750000
2252441406.250000
2253417968.750000
2254394531.250000
2255371093.750000
2256347656.250000
2257324218.750000
2258300781.250000
2259277343.750000
2260253906.250000
2261230468.750000
2262207031.250000
2263183593.750000
2264160156.250000
2265136718.750000
2266113281.250000
2267089843.750000
2268066406.250000
2269042968.750000
2270019531.250000
2270996093.750000
2271972656.250000
2272949218.750000
2273925781.250000
2274902343.750000
2275878906.250000
2276855468.750000
2277832031.250000
2278808593.750000
2279785156.250000
2280761718.750000
2281738281.250000
2282714843.750000
2283691406.250000
2284667968.750000
2285644531.250000
2286621093.750000
2287597656.250000
2288574218.750000
2289550781.250000
2290527343.750000
2291503906.250000
2292480468.750000
2293457031.250000
2294433593.750000
2295410156.250000
2296386718.750000
2297363281.250000
2298339843.750000
2299316406.250000
2300292968.750000
2301269531.250000
2302246093.750000
2303222656.250000
2304199218.750000
2305175781.250000
2306152343.750000
2307128906.250000
2308105468.750000
2309082031.250000
2310058593.750000
2311035156.250000
2312011718.750000
2312988281.250000
2313964843.750000
2314941406.250000
2315917968.750000
2316894531.250000
2317871093.750000
2318847656.250000
2319824218.750000
2320800781.250000
2321777343.750000
2322753906.250000
2323730468.750000
2324707031.250000
2325683593.750000
2326660156.250000
2327636718.750000
2328613281.250000
2329589843.750000
2330566406.250000
2331542968.750000
2332519531.250000
2333496093.750000
2334472656.250000
2335449218.750000
2336425781.250000
2337402343.750000
2338378906.250000
2339355468.750000
2340332031.250000
2341308593.750000
2342285156.250000
2343261718.750000
2344238281.250000
2345214843.750000
2346191406.250000
2347167968.750000
2348144531.250000
2349121093.750000
2350097656.250000
2351074218.750000
2352050781.250000
2353027343.750000
2354003906.250000
2354980468.750000
2355957031.250000
2356933593.750000
2357910156.250000
2358886718.750000
2359863281.250000
2360839843.750000
2361816406.250000
2362792968.750000
2363769531.250000
2364746093.750000
2365722656.250000
2366699218.750000
2367675781.250000
2368652343.750000
2369628906.250000
2370605468.750000
2371582031.250000
2372558593.750000
2373535156.250000
2374511718.750000
2375488281.250000
2376464843.750000
2377441406.250000
2378417968.750000
2379394531.250000
2380371093.750000
2381347656.250000
2382324218.750000
2383300781.250000
2384277343.750000
2385253906.250000
2386230468.750000
2387207031.250000
2388183593.750000
2389160156.250000
2390136718.750000
2391113281.250000
2392089843.750000
2393066406.250000
2394042968.750000
2395019531.250000
2395996093.750000
2396972656.250000
2397949218.750000
2398925781.250000
2399902343.750000
2400878906.250000
2401855468.750000
2402832031.250000
2403808593.750000
2404785156.250000
2405761718.750000
2406738281.250000
2407714843.750000
2408691406.250000
2409667968.750000
2410644531.250000
2411621093.750000
2412597656.250000
2413574218.750000
2414550781.250000
2415527343.750000
2416503906.250000
2417480468.750000
2418457031.250000
2419433593.750000
2420410156.250000
2421386718.750000
2422363281.250000
2423339843.750000
2424316406.250000
2425292968.750000
2426269531.250000
2427246093.750000
2428222656.250000
2429199218.750000
2430175781.250000
2431152343.750000
2432128906.250000
2433105468.750000
2434082031.250000
2435058593.750000
2436035156.250000
2437011718.750000
2437988281.250000
2438964843.750000
2439941406.250000
2440917968.750000
2441894531.250000
2442871093.750000
2443847656.250000
2444824218.750000
2445800781.250000
2446777343.750000
2447753906.250000
2448730468.750000
2449707031.250000
2450683593.750000
2451660156.250000
2452636718.750000
2453613281.250000
2454589843.750000
2455566406.250000
2456542968.750000
2457519531.250000
2458496093.750000
2459472656.250000
2460449218.750000
2461425781.250000
2462402343.750000
2463378906.250000
2464355468.750000
2465332031.250000
2466308593.750000
2467285156.250000
2468261718.750000
2469238281.250000
2470214843.750000
2471191406.250000
2472167968.750000
2473144531.250000
2474121093.750000
2475097656.250000
2476074218.750000
2477050781.250000
2478027343.750000
2479003906.250000
2479980468.750000
2480957031.250000
2481933593.750000
2482910156.250000
2483886718.750000
2484863281.250000
2485839843.750000
2486816406.250000
2487792968.750000
2488769531.250000
2489746093.750000
2490722656.250000
2491699218.750000
2492675781.250000
2493652343.750000
2494628906.250000
2495605468.750000
2496582031.250000
2497558593.750000
2498535156.250000
2499511718.750000
2500488281.250000
2501464843.750000
2502441406.250000
2503417968.750000
2504394531.250000
2505371093.750000
2506347656.250000
2507324218.750000
2508300781.250000
2509277343.750000
2510253906.250000
2511230468.750000
2512207031.250000
2513183593.750000
2514160156.250000
2515136718.750000
2516113281.250000
2517089843.750000
2518066406.250000
2519042968.750000
2520019531.250000
2520996093.750000
2521972656.250000
2522949218.750000
2523925781.250000
2524902343.750000
2525878906.250000
2526855468.750000
2527832031.250000
2528808593.750000
2529785156.250000
2530761718.750000
2531738281.250000
2532714843.750000
2533691406.250000
2534667968.750000
2535644531.250000
2536621093.750000
2537597656.250000
2538574218.750000
2539550781.250000
2540527343.750000
2541503906.250000
2542480468.750000
2543457031.250000
2544433593.750000
2545410156.250000
2546386718.750000
2547363281.250000
2548339843.750000
2549316406.250000
2550292968.750000
2551269531.250000
2552246093.750000
2553222656.250000
2554199218.750000
2555175781.250000
2556152343.750000
2557128906.250000
2558105468.750000
2559082031.250000
2560058593.750000
2561035156.250000
2562011718.750000
2562988281.250000
2563964843.750000
2564941406.250000
2565917968.750000
2566894531.250000
2567871093.750000
2568847656.250000
2569824218.750000
2570800781.250000
2571777343.750000
2572753906.250000
2573730468.750000
2574707031.250000
2575683593.750000
2576660156.250000
2577636718.750000
2578613281.250000
2579589843.750000
2580566406.250000
2581542968.750000
2582519531.250000
2583496093.750000
2584472656.250000
2585449218.750000
2586425781.250000
2587402343.750000
2588378906.250000
2589355468.750000
2590332031.250000
2591308593.750000
2592285156.250000
2593261718.750000
2594238281.250000
2595214843.750000
2596191406.250000
2597167968.750000
2598144531.250000
2599121093.750000
2600097656.250000
2601074218.750000
2602050781.250000
2603027343.750000
2604003906.250000
2604980468.750000
2605957031.250000
2606933593.750000
2607910156.250000
2608886718.750000
2609863281.250000
2610839843.750000
2611816406.250000
2612792968.750000
2613769531.250000
2614746093.750000
2615722656.250000
2616699218.750000
2617675781.250000
2618652343.750000
2619628906.250000
2620605468.750000
2621582031.250000
2622558593.750000
2623535156.250000
2624511718.750000
2625488281.250000
2626464843.750000
2627441406.250000
2628417968.750000
2629394531.250000
2630371093.750000
2631347656.250000
2632324218.750000
2633300781.250000
2634277343.750000
2635253906.250000
2636230468.750000
2637207031.250000
2638183593.750000
2639160156.250000
2640136718.750000
2641113281.250000
2642089843.750000
2643066406.250000
2644042968.750000
2645019531.250000
2645996093.750000
2646972656.250000
2647949218.750000
2648925781.250000
2649902343.750000
2650878906.250000
2651855468.750000
2652832031.250000
2653808593.750000
2654785156.250000
2655761718.750000
2656738281.250000
2657714843.750000
2658691406.250000
2659667968.750000
2660644531.250000
2661621093.750000
2662597656.250000
2663574218.750000
2664550781.250000
2665527343.750000
2666503906.250000
2667480468.750000
2668457031.250000
2669433593.750000
2670410156.250000
2671386718.750000
2672363281.250000
2673339843.750000
2674316406.250000
2675292968.750000
2676269531.250000
2677246093.750000
2678222656.250000
2679199218.750000
2680175781.250000
2681152343.750000
2682128906.250000
2683105468.750000
2684082031.250000
2685058593.750000
2686035156.250000
2687011718.750000
2687988281.250000
2688964843.750000
2689941406.250000
2690917968.750000
2691894531.250000
2692871093.750000
2693847656.250000
2694824218.750000
2695800781.250000
2696777343.750000
2697753906.250000
2698730468.750000
2699707031.250000
2700683593.750000
2701660156.250000
2702636718.750000
2703613281.250000
2704589843.750000
2705566406.250000
2706542968.750000
2707519531.250000
2708496093.750000
2709472656.250000
2710449218.750000
2711425781.250000
2712402343.750000
2713378906.250000
2714355468.750000
2715332031.250000
2716308593.750000
2717285156.250000
2718261718.750000
2719238281.250000
2720214843.750000
2721191406.250000
2722167968.750000
2723144531.250000
2724121093.750000
2725097656.250000
2726074218.750000
2727050781.250000
2728027343.750000
2729003906.250000
2729980468.750000
2730957031.250000
2731933593.750000
2732910156.250000
2733886718.750000
2734863281.250000
2735839843.750000
2736816406.250000
2737792968.750000
2738769531.250000
2739746093.750000
2740722656.250000
2741699218.750000
2742675781.250000
2743652343.750000
2744628906.250000
2745605468.750000
2746582031.250000
2747558593.750000
2748535156.250000
2749511718.750000
2750488281.250000
2751464843.750000
2752441406.250000
2753417968.750000
2754394531.250000
2755371093.750000
2756347656.250000
2757324218.750000
2758300781.250000
2759277343.750000
2760253906.250000
2761230468.750000
2762207031.250000
2763183593.750000
2764160156.250000
2765136718.750000
2766113281.250000
2767089843.750000
2768066406.250000
2769042968.750000
2770019531.250000
2770996093.750000
2771972656.250000
2772949218.750000
2773925781.250000
2774902343.750000
2775878906.250000
2776855468.750000
2777832031.250000
2778808593.750000
2779785156.250000
2780761718.750000
2781738281.250000
2782714843.750000
2783691406.250000
2784667968.750000
2785644531.250000
2786621093.750000
2787597656.250000
2788574218.750000
2789550781.250000
2790527343.750000
2791503906.250000
2792480468.750000
2793457031.250000
2794433593.750000
2795410156.250000
2796386718.750000
2797363281.250000
2798339843.750000
2799316406.250000
2800292968.750000
2801269531.250000
2802246093.750000
2803222656.250000
2804199218.750000
2805175781.250000
2806152343.750000
2807128906.250000
2808105468.750000
2809082031.250000
2810058593.750000
2811035156.250000
2812011718.750000
2812988281.250000
2813964843.750000
2814941406.250000
2815917968.750000
2816894531.250000
2817871093.750000
2818847656.250000
2819824218.750000
2820800781.250000
2821777343.750000
2822753906.250000
2823730468.750000
2824707031.250000
2825683593.750000
2826660156.250000
2827636718.750000
2828613281.250000
2829589843.750000
2830566406.250000
2831542968.750000
2832519531.250000
2833496093.750000
2834472656.250000
2835449218.750000
2836425781.250000
2837402343.750000
2838378906.250000
2839355468.750000
2840332031.250000
2841308593.750000
2842285156.250000
2843261718.750000
2844238281.250000
2845214843.750000
2846191406.250000
2847167968.750000
2848144531.250000
2849121093.750000
2850097656.250000
2851074218.750000
2852050781.250000
2853027343.750000
2854003906.250000
2854980468.750000
2855957031.250000
2856933593.750000
2857910156.250000
2858886718.750000
2859863281.250000
2860839843.750000
2861816406.250000
2862792968.750000
2863769531.250000
2864746093.750000
2865722656.250000
2866699218.750000
2867675781.250000
2868652343.750000
2869628906.250000
2870605468.750000
2871582031.250000
2872558593.750000
2873535156.250000
2874511718.750000
2875488281.250000
2876464843.750000
2877441406.250000
2878417968.750000
2879394531.250000
2880371093.750000
2881347656.250000
2882324218.750000
2883300781.250000
2884277343.750000
2885253906.250000
2886230468.750000
2887207031.250000
2888183593.750000
2889160156.250000
2890136718.750000
2891113281.250000
2892089843.750000
2893066406.250000
2894042968.750000
2895019531.250000
2895996093.750000
2896972656.250000
2897949218.750000
2898925781.250000
2899902343.750000
2900878906.250000
2901855468.750000
2902832031.250000
2903808593.750000
2904785156.250000
2905761718.750000
2906738281.250000
2907714843.750000
2908691406.250000
2909667968.750000
2910644531.250000
2911621093.750000
2912597656.250000
2913574218.750000
2914550781.250000
2915527343.750000
2916503906.250000
2917480468.750000
2918457031.250000
2919433593.750000
2920410156.250000
2921386718.750000
2922363281.250000
2923339843.750000
2924316406.250000
2925292968.750000
2926269531.250000
2927246093.750000
2928222656.250000
2929199218.750000
2930175781.250000
2931152343.750000
2932128906.250000
2933105468.750000
2934082031.250000
2935058593.750000
2936035156.250000
2937011718.750000
2937988281.250000
2938964843.750000
2939941406.250000
2940917968.750000
2941894531.250000
2942871093.750000
2943847656.250000
2944824218.750000
2945800781.250000
2946777343.750000
2947753906.250000
2948730468.750000
2949707031.250000
2950683593.750000
2951660156.250000
2952636718.750000
2953613281.250000
2954589843.750000
2955566406.250000
2956542968.750000
2957519531.250000
2958496093.750000
2959472656.250000
2960449218.750000
2961425781.250000
2962402343.750000
2963378906.250000
2964355468.750000
2965332031.250000
2966308593.750000
2967285156.250000
2968261718.750000
2969238281.250000
2970214843.750000
2971191406.250000
2972167968.750000
2973144531.250000
2974121093.750000
2975097656.250000
2976074218.750000
2977050781.250000
2978027343.750000
2979003906.250000
2979980468.750000
2980957031.250000
2981933593.750000
2982910156.250000
2983886718.750000
2984863281.250000
2985839843.750000
2986816406.250000
2987792968.750000
2988769531.250000
2989746093.750000
2990722656.250000
2991699218.750000
2992675781.250000
2993652343.750000
2994628906.250000
2995605468.750000
2996582031.250000
2997558593.750000
2998535156.250000
2999511718.750000
3000488281.250000
3001464843.750000
3002441406.250000
3003417968.750000
3004394531.250000
3005371093.750000
3006347656.250000
3007324218.750000
3008300781.250000
3009277343.750000
3010253906.250000
3011230468.750000
3012207031.250000
3013183593.750000
3014160156.250000
3015136718.750000
3016113281.250000
3017089843.750000
3018066406.250000
3019042968.750000
3020019531.250000
3020996093.750000
3021972656.250000
3022949218.750000
3023925781.250000
3024902343.750000
3025878906.250000
3026855468.750000
3027832031.250000
3028808593.750000
3029785156.250000
3030761718.750000
3031738281.250000
3032714843.750000
3033691406.250000
3034667968.750000
3035644531.250000
3036621093.750000
3037597656.250000
3038574218.750000
3039550781.250000
3040527343.750000
3041503906.250000
3042480468.750000
3043457031.250000
3044433593.750000
3045410156.250000
3046386718.750000
3047363281.250000
3048339843.750000
3049316406.250000
3050292968.750000
3051269531.250000
3052246093.750000
3053222656.250000
3054199218.750000
3055175781.250000
3056152343.750000
3057128906.250000
3058105468.750000
3059082031.250000
3060058593.750000
3061035156.250000
3062011718.750000
3062988281.250000
3063964843.750000
3064941406.250000
3065917968.750000
3066894531.250000
3067871093.750000
3068847656.250000
3069824218.750000
3070800781.250000
3071777343.750000
3072753906.250000
3073730468.750000
3074707031.250000
3075683593.750000
3076660156.250000
3077636718.750000
3078613281.250000
3079589843.750000
3080566406.250000
3081542968.750000
3082519531.250000
3083496093.750000
3084472656.250000
3085449218.750000
3086425781.250000
3087402343.750000
3088378906.250000
3089355468.750000
3090332031.250000
3091308593.750000
3092285156.250000
3093261718.750000
3094238281.250000
3095214843.750000
3096191406.250000
3097167968.750000
3098144531.250000
3099121093.750000
3100097656.250000
3101074218.750000
3102050781.250000
3103027343.750000
3104003906.250000
3104980468.750000
3105957031.250000
3106933593.750000
3107910156.250000
3108886718.750000
3109863281.250000
3110839843.750000
3111816406.250000
3112792968.750000
3113769531.250000
3114746093.750000
3115722656.250000
3116699218.750000
3117675781.250000
3118652343.750000
3119628906.250000
3120605468.750000
3121582031.250000
3122558593.750000
3123535156.250000
3124511718.750000
3125488281.250000
3126464843.750000
3127441406.250000
3128417968.750000
3129394531.250000
3130371093.750000
3131347656.250000
3132324218.750000
3133300781.250000
3134277343.750000
3135253906.250000
3136230468.750000
3137207031.250000
3138183593.750000
3139160156.250000
3140136718.750000
3141113281.250000
3142089843.750000
3143066406.250000
3144042968.750000
3145019531.250000
3145996093.750000
3146972656.250000
3147949218.750000
3148925781.250000
3149902343.750000
3150878906.250000
3151855468.750000
3152832031.250000
3153808593.750000
3154785156.250000
3155761718.750000
3156738281.250000
3157714843.750000
3158691406.250000
3159667968.750000
3160644531.250000
3161621093.750000
3162597656.250000
3163574218.750000
3164550781.250000
3165527343.750000
3166503906.250000
3167480468.750000
3168457031.250000
3169433593.750000
3170410156.250000
3171386718.750000
3172363281.250000
3173339843.750000
3174316406.250000
3175292968.750000
3176269531.250000
3177246093.750000
3178222656.250000
3179199218.750000
3180175781.250000
3181152343.750000
3182128906.250000
3183105468.750000
3184082031.250000
3185058593.750000
3186035156.250000
3187011718.750000
3187988281.250000
3188964843.750000
3189941406.250000
3190917968.750000
3191894531.250000
3192871093.750000
3193847656.250000
3194824218.750000
3195800781.250000
3196777343.750000
3197753906.250000
3198730468.750000
3199707031.250000
3200683593.750000
3201660156.250000
3202636718.750000
3203613281.250000
3204589843.750000
3205566406.250000
3206542968.750000
3207519531.250000
3208496093.750000
3209472656.250000
3210449218.750000
3211425781.250000
3212402343.750000
3213378906.250000
3214355468.750000
3215332031.250000
3216308593.750000
3217285156.250000
3218261718.750000
3219238281.250000
3220214843.750000
3221191406.250000
3222167968.750000
3223144531.250000
3224121093.750000
3225097656.250000
3226074218.750000
3227050781.250000
3228027343.750000
3229003906.250000
3229980468.750000
3230957031.250000
3231933593.750000
3232910156.250000
3233886718.750000
3234863281.250000
3235839843.750000
3236816406.250000
3237792968.750000
3238769531.250000
3239746093.750000
3240722656.250000
3241699218.750000
3242675781.250000
3243652343.750000
3244628906.250000
3245605468.750000
3246582031.250000
3247558593.750000
3248535156.250000
3249511718.750000
3250488281.250000
3251464843.750000
3252441406.250000
3253417968.750000
3254394531.250000
3255371093.750000
3256347656.250000
3257324218.750000
3258300781.250000
3259277343.750000
3260253906.250000
3261230468.750000
3262207031.250000
3263183593.750000
3264160156.250000
3265136718.750000
3266113281.250000
3267089843.750000
3268066406.250000
3269042968.750000
3270019531.250000
3270996093.750000
3271972656.250000
3272949218.750000
3273925781.250000
3274902343.750000
3275878906.250000
3276855468.750000
3277832031.250000
3278808593.750000
3279785156.250000
3280761718.750000
3281738281.250000
3282714843.750000
3283691406.250000
3284667968.750000
3285644531.250000
3286621093.750000
3287597656.250000
3288574218.750000
3289550781.250000
3290527343.750000
3291503906.250000
3292480468.750000
3293457031.250000
3294433593.750000
3295410156.250000
3296386718.750000
3297363281.250000
3298339843.750000
3299316406.250000
3300292968.750000
3301269531.250000
3302246093.750000
3303222656.250000
3304199218.750000
3305175781.250000
3306152343.750000
3307128906.250000
3308105468.750000
3309082031.250000
3310058593.750000
3311035156.250000
3312011718.750000
3312988281.250000
3313964843.750000
3314941406.250000
3315917968.750000
3316894531.250000
3317871093.750000
3318847656.250000
3319824218.750000
3320800781.250000
3321777343.750000
3322753906.250000
3323730468.750000
3324707031.250000
3325683593.750000
3326660156.250000
3327636718.750000
3328613281.250000
3329589843.750000
3330566406.250000
3331542968.750000
3332519531.250000
3333496093.750000
3334472656.250000
3335449218.750000
3336425781.250000
3337402343.750000
3338378906.250000
3339355468.750000
3340332031.250000
3341308593.750000
3342285156.250000
3343261718.750000
3344238281.250000
3345214843.750000
3346191406.250000
3347167968.750000
3348144531.250000
3349121093.750000
3350097656.250000
3351074218.750000
3352050781.250000
3353027343.750000
3354003906.250000
3354980468.750000
3355957031.250000
3356933593.750000
3357910156.250000
3358886718.750000
3359863281.250000
3360839843.750000
3361816406.250000
3362792968.750000
3363769531.250000
3364746093.750000
3365722656.250000
3366699218.750000
3367675781.250000
3368652343.750000
3369628906.250000
3370605468.750000
3371582031.250000
3372558593.750000
3373535156.250000
3374511718.750000
3375488281.250000
3376464843.750000
3377441406.250000
3378417968.750000
3379394531.250000
3380371093.750000
3381347656.250000
3382324218.750000
3383300781.250000
3384277343.750000
3385253906.250000
3386230468.750000
3387207031.250000
3388183593.750000
3389160156.250000
3390136718.750000
3391113281.250000
3392089843.750000
3393066406.250000
3394042968.750000
3395019531.250000
3395996093.750000
3396972656.250000
3397949218.750000
3398925781.250000
3399902343.750000
3400878906.250000
3401855468.750000
3402832031.250000
3403808593.750000
3404785156.250000
3405761718.750000
3406738281.250000
3407714843.750000
3408691406.250000
3409667968.750000
3410644531.250000
3411621093.750000
3412597656.250000
3413574218.750000
3414550781.250000
3415527343.750000
3416503906.250000
3417480468.750000
3418457031.250000
3419433593.750000
3420410156.250000
3421386718.750000
3422363281.250000
3423339843.750000
3424316406.250000
3425292968.750000
3426269531.250000
3427246093.750000
3428222656.250000
3429199218.750000
3430175781.250000
3431152343.750000
3432128906.250000
3433105468.750000
3434082031.250000
3435058593.750000
3436035156.250000
3437011718.750000
3437988281.250000
3438964843.750000
3439941406.250000
3440917968.750000
3441894531.250000
3442871093.750000
3443847656.250000
3444824218.750000
3445800781.250000
3446777343.750000
3447753906.250000
3448730468.750000
3449707031.250000
3450683593.750000
3451660156.250000
3452636718.750000
3453613281.250000
3454589843.750000
3455566406.250000
3456542968.750000
3457519531.250000
3458496093.750000
3459472656.250000
3460449218.750000
3461425781.250000
3462402343.750000
3463378906.250000
3464355468.750000
3465332031.250000
3466308593.750000
3467285156.250000
3468261718.750000
3469238281.250000
3470214843.750000
3471191406.250000
3472167968.750000
3473144531.250000
3474121093.750000
3475097656.250000
3476074218.750000
3477050781.250000
3478027343.750000
3479003906.250000
3479980468.750000
3480957031.250000
3481933593.750000
3482910156.250000
3483886718.750000
3484863281.250000
3485839843.750000
3486816406.250000
3487792968.750000
3488769531.250000
3489746093.750000
3490722656.250000
3491699218.750000
3492675781.250000
3493652343.750000
3494628906.250000
3495605468.750000
3496582031.250000
3497558593.750000
3498535156.250000
3499511718.750000
3500488281.250000
3501464843.750000
3502441406.250000
3503417968.750000
3504394531.250000
3505371093.750000
3506347656.250000
3507324218.750000
3508300781.250000
3509277343.750000
3510253906.250000
3511230468.750000
3512207031.250000
3513183593.750000
3514160156.250000
3515136718.750000
3516113281.250000
3517089843.750000
3518066406.250000
3519042968.750000
3520019531.250000
3520996093.750000
3521972656.250000
3522949218.750000
3523925781.250000
3524902343.750000
3525878906.250000
3526855468.750000
3527832031.250000
3528808593.750000
3529785156.250000
3530761718.750000
3531738281.250000
3532714843.750000
3533691406.250000
3534667968.750000
3535644531.250000
3536621093.750000
3537597656.250000
3538574218.750000
3539550781.250000
3540527343.750000
3541503906.250000
3542480468.750000
3543457031.250000
3544433593.750000
3545410156.250000
3546386718.750000
3547363281.250000
3548339843.750000
3549316406.250000
3550292968.750000
3551269531.250000
3552246093.750000
3553222656.250000
3554199218.750000
3555175781.250000
3556152343.750000
3557128906.250000
3558105468.750000
3559082031.250000
3560058593.750000
3561035156.250000
3562011718.750000
3562988281.250000
3563964843.750000
3564941406.250000
3565917968.750000
3566894531.250000
3567871093.750000
3568847656.250000
3569824218.750000
3570800781.250000
3571777343.750000
3572753906.250000
3573730468.750000
3574707031.250000
3575683593.750000
3576660156.250000
3577636718.750000
3578613281.250000
3579589843.750000
3580566406.250000
3581542968.750000
3582519531.250000
3583496093.750000
3584472656.250000
3585449218.750000
3586425781.250000
3587402343.750000
3588378906.250000
3589355468.750000
3590332031.250000
3591308593.750000
3592285156.250000
3593261718.750000
3594238281.250000
3595214843.750000
3596191406.250000
3597167968.750000
3598144531.250000
3599121093.750000
3600097656.250000
3601074218.750000
3602050781.250000
3603027343.750000
3604003906.250000
3604980468.750000
3605957031.250000
3606933593.750000
3607910156.250000
3608886718.750000
3609863281.250000
3610839843.750000
3611816406.250000
3612792968.750000
3613769531.250000
3614746093.750000
3615722656.250000
3616699218.750000
3617675781.250000
3618652343.750000
3619628906.250000
3620605468.750000
3621582031.250000
3622558593.750000
3623535156.250000
3624511718.750000
3625488281.250000
3626464843.750000
3627441406.250000
3628417968.750000
3629394531.250000
3630371093.750000
3631347656.250000
3632324218.750000
3633300781.250000
3634277343.750000
3635253906.250000
3636230468.750000
3637207031.250000
3638183593.750000
3639160156.250000
3640136718.750000
3641113281.250000
3642089843.750000
3643066406.250000
3644042968.750000
3645019531.250000
3645996093.750000
3646972656.250000
3647949218.750000
3648925781.250000
3649902343.750000
3650878906.250000
3651855468.750000
3652832031.250000
3653808593.750000
3654785156.250000
3655761718.750000
3656738281.250000
3657714843.750000
3658691406.250000
3659667968.750000
3660644531.250000
3661621093.750000
3662597656.250000
3663574218.750000
3664550781.250000
3665527343.750000
3666503906.250000
3667480468.750000
3668457031.250000
3669433593.750000
3670410156.250000
3671386718.750000
3672363281.250000
3673339843.750000
3674316406.250000
3675292968.750000
3676269531.250000
3677246093.750000
3678222656.250000
3679199218.750000
3680175781.250000
3681152343.750000
3682128906.250000
3683105468.750000
3684082031.250000
3685058593.750000
3686035156.250000
3687011718.750000
3687988281.250000
3688964843.750000
3689941406.250000
3690917968.750000
3691894531.250000
3692871093.750000
3693847656.250000
3694824218.750000
3695800781.250000
3696777343.750000
3697753906.250000
3698730468.750000
3699707031.250000
3700683593.750000
3701660156.250000
3702636718.750000
3703613281.250000
3704589843.750000
3705566406.250000
3706542968.750000
3707519531.250000
3708496093.750000
3709472656.250000
3710449218.750000
3711425781.250000
3712402343.750000
3713378906.250000
3714355468.750000
3715332031.250000
3716308593.750000
3717285156.250000
3718261718.750000
3719238281.250000
3720214843.750000
3721191406.250000
3722167968.750000
3723144531.250000
3724121093.750000
3725097656.250000
3726074218.750000
3727050781.250000
3728027343.750000
3729003906.250000
3729980468.750000
3730957031.250000
3731933593.750000
3732910156.250000
3733886718.750000
3734863281.250000
3735839843.750000
3736816406.250000
3737792968.750000
3738769531.250000
3739746093.750000
3740722656.250000
3741699218.750000
3742675781.250000
3743652343.750000
3744628906.250000
3745605468.750000
3746582031.250000
3747558593.750000
3748535156.250000
3749511718.750000
3750488281.250000
3751464843.750000
3752441406.250000
3753417968.750000
3754394531.250000
3755371093.750000
3756347656.250000
3757324218.750000
3758300781.250000
3759277343.750000
3760253906.250000
3761230468.750000
3762207031.250000
3763183593.750000
3764160156.250000
3765136718.750000
3766113281.250000
3767089843.750000
3768066406.250000
3769042968.750000
3770019531.250000
3770996093.750000
3771972656.250000
3772949218.750000
3773925781.250000
3774902343.750000
3775878906.250000
3776855468.750000
3777832031.250000
3778808593.750000
3779785156.250000
3780761718.750000
3781738281.250000
3782714843.750000
3783691406.250000
3784667968.750000
3785644531.250000
3786621093.750000
3787597656.250000
3788574218.750000
3789550781.250000
3790527343.750000
3791503906.250000
3792480468.750000
3793457031.250000
3794433593.750000
3795410156.250000
3796386718.750000
3797363281.250000
3798339843.750000
3799316406.250000
3800292968.750000
3801269531.250000
3802246093.750000
3803222656.250000
3804199218.750000
3805175781.250000
3806152343.750000
3807128906.250000
3808105468.750000
3809082031.250000
3810058593.750000
3811035156.250000
3812011718.750000
3812988281.250000
3813964843.750000
3814941406.250000
3815917968.750000
3816894531.250000
3817871093.750000
3818847656.250000
3819824218.750000
3820800781.250000
3821777343.750000
3822753906.250000
3823730468.750000
3824707031.250000
3825683593.750000
3826660156.250000
3827636718.750000
3828613281.250000
3829589843.750000
3830566406.250000
3831542968.750000
3832519531.250000
3833496093.750000
3834472656.250000
3835449218.750000
3836425781.250000
3837402343.750000
3838378906.250000
3839355468.750000
3840332031.250000
3841308593.750000
3842285156.250000
3843261718.750000
3844238281.250000
3845214843.750000
3846191406.250000
3847167968.750000
3848144531.250000
3849121093.750000
3850097656.250000
3851074218.750000
3852050781.250000
3853027343.750000
3854003906.250000
3854980468.750000
3855957031.250000
3856933593.750000
3857910156.250000
3858886718.750000
3859863281.250000
3860839843.750000
3861816406.250000
3862792968.750000
3863769531.250000
3864746093.750000
3865722656.250000
3866699218.750000
3867675781.250000
3868652343.750000
3869628906.250000
3870605468.750000
3871582031.250000
3872558593.750000
3873535156.250000
3874511718.750000
3875488281.250000
3876464843.750000
3877441406.250000
3878417968.750000
3879394531.250000
3880371093.750000
3881347656.250000
3882324218.750000
3883300781.250000
3884277343.750000
3885253906.250000
3886230468.750000
3887207031.250000
3888183593.750000
3889160156.250000
3890136718.750000
3891113281.250000
3892089843.750000
3893066406.250000
3894042968.750000
3895019531.250000
3895996093.750000
3896972656.250000
3897949218.750000
3898925781.250000
3899902343.750000
3900878906.250000
3901855468.750000
3902832031.250000
3903808593.750000
3904785156.250000
3905761718.750000
3906738281.250000
3907714843.750000
3908691406.250000
3909667968.750000
3910644531.250000
3911621093.750000
3912597656.250000
3913574218.750000
3914550781.250000
3915527343.750000
3916503906.250000
3917480468.750000
3918457031.250000
3919433593.750000
3920410156.250000
3921386718.750000
3922363281.250000
3923339843.750000
3924316406.250000
3925292968.750000
3926269531.250000
3927246093.750000
3928222656.250000
3929199218.750000
3930175781.250000
3931152343.750000
3932128906.250000
3933105468.750000
3934082031.250000
3935058593.750000
3936035156.250000
3937011718.750000
3937988281.250000
3938964843.750000
3939941406.250000
3940917968.750000
3941894531.250000
3942871093.750000
3943847656.250000
3944824218.750000
3945800781.250000
3946777343.750000
3947753906.250000
3948730468.750000
3949707031.250000
3950683593.750000
3951660156.250000
3952636718.750000
3953613281.250000
3954589843.750000
3955566406.250000
3956542968.750000
3957519531.250000
3958496093.750000
3959472656.250000
3960449218.750000
3961425781.250000
3962402343.750000
3963378906.250000
3964355468.750000
3965332031.250000
3966308593.750000
3967285156.250000
3968261718.750000
3969238281.250000
3970214843.750000
3971191406.250000
3972167968.750000
3973144531.250000
3974121093.750000
3975097656.250000
3976074218.750000
3977050781.250000
3978027343.750000
3979003906.250000
3979980468.750000
3980957031.250000
3981933593.750000
3982910156.250000
3983886718.750000
3984863281.250000
3985839843.750000
3986816406.250000
3987792968.750000
3988769531.250000
3989746093.750000
3990722656.250000
3991699218.750000
3992675781.250000
3993652343.750000
3994628906.250000
3995605468.750000
3996582031.250000
3997558593.750000
3998535156.250000
3999511718.750000
